5216
0 1 0
2 3 1
4 5 2
6 1 3
7 2 4
8 9 5
10 11 6
12 13 0
14 2 7
15 0 6
16 17 5
18 19 2
20 21 3
1 22 8
23 24 9
22 24 10
25 26 2
27 21 11
20 28 3
12 29 12
21 30 6
1 31 13
32 33 3
16 34 5
35 3 14
36 3 13
6 2 6
33 35 13
37 38 15
25 3 3
39 40 10
41 35 0
28 21 13
42 35 3
43 1 3
21 31 3
44 45 4
41 46 16
1 47 1
48 3 3
37 33 7
2 49 17
50 51 16
15 36 1
43 5 2
6 52 10
39 53 0
54 11 6
15 36 3
55 33 18
6 56 3
11 46 16
32 15 19
6 57 3
52 50 15
58 2 20
52 53 21
1 13 6
59 60 0
34 5 2
34 61 22
43 21 3
52 62 21
47 58 10
28 63 1
64 65 2
35 53 13
25 34 5
66 67 2
58 12 15
68 5 2
40 69 5
21 52 10
14 28 7
70 71 2
72 71 2
73 54 1
74 13 1
42 12 15
41 63 3
41 39 17
52 39 15
75 57 17
76 28 18
73 36 23
1 15 7
72 21 1
0 51 16
77 78 24
13 28 13
28 3 1
79 80 17
54 81 6
82 28 3
64 5 2
33 58 10
83 54 20
54 84 6
42 28 20
14 28 3
68 36 20
85 44 25
86 44 25
10 1 6
32 61 22
87 14 0
88 24 26
61 74 1
10 47 6
89 2 20
26 17 5
28 21 6
90 3 0
36 49 13
27 10 3
42 35 7
49 91 5
77 16 18
33 47 6
68 48 5
47 21 3
92 64 10
36 2 14
91 85 5
34 54 19
3 93 13
74 0 14
80 51 16
25 94 5
0 21 1
75 62 0
59 95 2
28 1 11
42 33 3
54 6 8
35 93 3
28 67 3
86 51 16
10 80 27
15 0 7
59 23 28
78 39 15
41 27 3
3 58 10
14 54 20
21 84 6
89 78 22
13 1 13
94 96 5
93 57 5
95 97 10
3 63 13
87 15 20
47 11 3
61 13 1
55 47 29
32 51 30
80 91 5
12 98 2
63 11 13
93 99 5
100 56 0
3 28 13
61 47 23
15 13 13
101 26 31
33 53 3
6 9 8
28 6 32
19 46 16
52 74 7
73 78 1
62 6 20
15 21 1
29 94 33
54 0 7
55 52 18
76 2 4
39 28 0
15 53 13
23 102 34
65 77 35
27 33 6
8 103 34
15 54 11
77 96 36
35 11 3
49 80 2
68 28 3
10 84 6
13 15 13
79 58 10
83 104 2
48 1 3
37 2 7
82 36 3
55 15 24
2 28 0
54 27 1
74 31 3
13 67 3
41 27 0
52 11 3
100 14 10
69 1 20
35 30 6
1 33 6
60 96 18
21 27 13
89 1 24
105 2 4
79 53 0
15 84 6
78 44 6
10 5 2
74 2 2
28 74 7
29 106 33
21 28 3
107 76 37
106 88 5
36 54 7
10 87 27
15 47 1
28 54 13
37 63 15
55 83 29
6 10 4
108 12 0
54 80 3
60 46 30
78 6 7
40 47 3
32 109 2
36 15 32
6 0 14
54 62 13
43 36 20
28 4 13
1 87 13
48 11 3
0 85 17
92 32 0
54 11 2
28 54 8
25 51 16
36 91 13
39 62 17
54 6 11
54 23 8
27 35 3
69 36 20
52 21 15
41 47 3
80 46 16
2 6 6
6 11 2
0 110 17
22 111 10
101 54 4
37 11 3
77 54 24
15 1 14
13 17 10
55 112 29
12 6 0
77 7 2
32 3 7
22 51 16
54 15 11
57 15 20
15 36 14
41 113 17
47 99 3
83 96 5
26 98 2
15 114 2
1 36 1
1 36 2
8 115 10
43 89 5
9 24 9
78 77 6
93 5 2
21 80 3
77 89 29
77 54 3
30 2 6
1 28 7
114 0 6
36 32 6
6 13 3
77 15 18
52 15 3
52 87 21
55 58 29
106 47 3
32 47 3
94 14 5
65 71 2
114 6 6
78 32 6
1 28 3
35 37 10
58 5 2
13 4 13
8 111 9
55 82 36
63 14 10
72 85 27
1 86 8
35 1 3
3 37 10
39 93 17
78 55 6
116 45 4
12 62 0
60 88 18
101 1 21
93 48 0
32 28 4
101 1 4
34 36 7
113 80 2
20 35 3
110 98 2
63 28 13
52 6 3
90 63 0
3 1 3
116 109 2
108 19 2
25 15 20
117 118 23
48 100 15
76 102 2
52 33 3
6 46 16
60 58 18
72 66 27
44 86 4
105 74 4
50 99 17
84 114 6
89 6 7
36 11 13
16 26 2
39 52 10
81 6 1
12 80 17
27 85 13
54 22 8
1 6 1
28 62 3
119 24 26
120 71 2
33 3 2
0 28 1
28 29 10
82 63 3
60 54 18
78 28 7
39 4 17
58 3 7
112 36 3
41 53 17
50 39 38
10 15 6
121 2 20
8 44 34
14 35 7
122 51 30
48 28 7
27 11 3
14 38 15
101 28 1
27 62 13
33 72 3
82 35 15
26 37 5
62 14 0
33 21 32
69 5 2
34 47 15
94 112 5
20 6 3
114 46 16
21 44 6
92 71 2
34 74 7
6 113 3
58 2 7
94 15 3
52 58 5
96 47 3
60 27 18
17 47 3
8 116 34
17 27 7
77 17 18
100 66 17
86 65 9
77 89 9
54 36 7
117 103 23
33 56 13
108 28 0
83 1 20
8 123 34
32 63 7
81 51 4
87 54 20
0 47 6
37 63 3
52 54 7
36 8 8
38 110 17
82 36 20
87 113 5
73 74 4
34 28 7
60 6 18
6 15 7
69 33 3
2 28 1
9 111 9
15 78 1
34 1 19
41 77 0
9 115 10
101 33 1
78 33 15
4 110 5
63 80 3
28 31 13
54 28 14
63 0 6
25 69 5
101 82 31
45 122 34
52 82 5
87 53 5
84 35 6
0 36 0
95 60 0
61 5 2
47 2 6
106 21 3
0 85 3
0 2 14
112 119 5
3 15 13
7 0 4
20 1 3
39 13 0
21 27 6
54 0 14
124 5 2
77 16 29
116 46 16
90 13 0
28 54 3
1 54 7
79 75 2
73 1 23
29 0 20
66 98 2
90 29 0
54 3 13
101 3 1
47 109 2
54 27 3
89 100 15
55 28 18
48 54 20
50 12 38
72 78 6
125 51 16
62 110 5
15 27 6
21 48 10
126 13 3
55 89 29
120 127 31
53 67 5
12 38 2
93 52 0
35 3 32
56 62 5
89 28 22
17 100 15
89 119 5
50 3 0
74 11 6
27 3 6
96 0 20
111 1 20
76 0 4
86 44 34
60 106 18
32 115 9
114 15 6
100 16 10
36 15 13
32 15 4
35 49 13
100 33 0
74 93 3
17 2 7
58 54 20
126 63 3
41 38 2
34 28 20
52 6 21
55 58 18
60 54 4
9 45 5
30 21 6
38 94 10
38 29 39
119 21 3
54 28 7
28 1 7
14 42 5
128 1 4
1 36 4
37 47 7
13 62 13
73 13 1
116 46 4
1 36 6
6 1 4
44 8 4
42 96 5
38 40 10
20 51 16
48 1 20
75 5 2
79 21 0
33 48 10
54 63 1
86 71 2
15 113 3
3 28 3
95 77 37
7 103 2
12 90 40
3 21 3
12 90 41
1 36 3
28 15 11
25 40 5
15 74 6
8 78 4
13 4 3
48 46 16
36 7 6
63 113 13
14 47 7
63 66 3
56 53 5
89 13 3
8 60 34
76 111 9
43 33 3
126 36 3
83 35 3
77 6 24
129 44 35
26 82 5
84 15 6
119 0 20
33 3 3
1 93 3
62 51 16
52 47 15
60 82 18
12 68 10
63 47 6
73 33 23
33 13 6
37 63 7
27 6 6
45 71 2
83 46 16
85 99 2
63 28 3
47 33 13
50 66 17
103 0 4
106 83 5
17 79 15
21 33 6
69 83 5
25 88 5
47 21 32
59 55 0
45 65 9
72 84 6
61 54 4
117 21 6
36 33 13
92 65 10
36 57 3
36 54 11
26 119 5
100 27 3
32 36 4
23 45 2
6 54 3
116 21 3
34 74 22
15 44 6
74 49 17
63 47 13
53 85 5
55 3 18
0 114 6
77 102 2
1 33 1
54 28 13
63 93 13
48 47 7
6 67 3
100 3 0
100 2 0
28 78 14
69 89 5
61 36 4
6 66 3
12 91 17
52 6 7
28 53 13
40 104 2
6 28 4
3 114 6
68 27 3
100 49 17
103 51 16
77 37 36
74 78 6
45 44 34
48 54 7
17 5 2
92 95 2
50 54 0
54 6 7
28 27 13
93 49 5
32 102 2
77 3 3
75 53 0
52 15 20
75 98 2
101 54 23
55 34 29
108 54 0
22 118 34
35 33 6
89 5 2
6 99 3
28 47 6
94 33 3
55 77 30
116 44 2
98 51 16
25 96 5
15 74 7
10 67 27
10 3 6
55 6 18
63 33 6
54 42 10
55 35 18
28 35 1
73 15 4
60 2 4
28 46 16
0 80 3
43 35 3
12 106 10
28 62 13
28 54 7
22 76 34
124 71 2
9 128 34
49 99 2
0 113 3
79 37 10
89 3 7
61 46 16
28 36 13
73 47 23
14 1 7
6 116 3
47 91 3
47 13 6
119 17 5
60 21 18
101 104 31
28 54 32
35 27 6
16 74 20
126 28 20
68 11 3
94 17 5
116 129 42
29 1 20
47 91 13
94 1 3
55 51 30
33 99 3
77 28 4
52 13 3
1 27 6
13 66 3
43 96 2
38 74 0
23 121 10
3 17 10
1 11 3
37 21 3
28 1 13
1 11 2
63 21 32
1 52 10
12 40 10
63 10 3
58 27 15
21 10 3
47 27 3
81 8 4
114 84 6
35 63 14
38 1 0
27 47 3
20 58 5
15 17 10
48 6 20
39 16 10
112 0 20
26 36 3
39 56 0
39 77 0
119 104 2
38 48 10
72 63 6
0 27 1
8 51 16
77 29 36
33 56 3
22 23 5
11 47 13
116 102 2
6 36 11
67 66 5
84 51 16
43 54 20
6 42 10
122 74 4
100 94 10
50 31 17
76 89 18
3 130 8
34 28 19
29 5 2
39 99 17
79 29 39
119 48 5
89 36 7
36 56 13
91 80 2
41 106 10
21 6 6
6 36 13
54 21 3
1 28 13
101 10 23
73 74 1
63 49 3
92 55 37
63 35 6
96 13 3
37 3 3
69 6 20
90 12 17
116 105 4
17 1 3
13 33 6
104 36 20
60 13 18
101 74 21
2 47 3
0 31 3
63 57 13
8 76 34
1 47 6
21 35 13
8 55 34
37 21 7
120 35 31
60 3 18
87 49 5
47 49 13
13 46 16
77 69 18
56 85 5
22 55 34
54 78 14
37 13 3
17 6 20
33 63 6
25 119 5
82 15 7
90 125 35
2 66 3
88 82 5
48 39 15
1 0 6
10 27 6
43 2 20
79 12 38
36 3 3
23 64 10
36 6 13
12 110 17
23 77 34
14 47 15
56 5 2
58 54 3
41 40 10
27 110 13
27 49 13
54 13 2
35 48 10
86 64 9
15 6 14
131 36 19
0 56 17
1 28 11
32 13 3
77 58 36
77 6 3
64 95 3
119 11 3
1 0 7
100 21 3
36 9 8
101 74 4
83 48 5
75 66 17
88 35 3
12 0 0
119 47 3
80 99 2
3 87 3
55 1 18
11 51 16
45 60 34
3 91 13
35 67 3
41 53 0
89 33 7
25 68 5
83 13 3
66 116 25
89 54 7
82 1 20
89 21 3
0 54 0
36 81 6
37 82 5
106 33 3
89 15 20
20 83 5
131 78 19
64 71 2
28 63 3
45 131 9
111 98 2
15 0 14
28 6 6
86 118 34
115 78 20
100 27 0
63 27 32
67 99 5
45 44 25
35 93 13
30 6 6
26 0 20
11 13 13
14 21 3
0 54 6
67 49 5
117 5 2
0 45 8
83 33 3
100 113 17
37 5 2
6 35 1
36 35 3
32 121 9
76 120 18
14 58 5
95 32 0
21 86 10
56 91 5
40 33 3
86 24 9
41 79 17
97 51 16
52 1 7
54 8 8
73 35 1
11 1 6
20 24 26
108 13 0
112 83 5
94 3 3
58 47 3
38 99 17
49 5 2
33 87 3
47 80 13
35 11 6
78 33 6
85 99 5
63 2 6
93 37 0
62 42 0
28 35 13
47 85 13
32 54 4
25 37 5
74 10 4
100 20 10
14 2 20
128 51 16
61 3 23
39 20 10
6 48 10
69 35 3
87 51 16
72 46 16
23 97 9
27 47 14
36 85 13
28 2 7
78 2 6
36 52 10
89 6 19
34 47 7
47 36 6
121 6 22
26 6 20
40 6 3
21 4 3
9 24 10
0 62 0
6 91 13
20 34 5
8 111 10
104 98 2
36 54 8
61 27 23
23 118 34
39 113 17
57 6 20
13 114 2
108 90 40
9 97 10
63 85 13
118 51 16
78 13 6
83 21 3
15 113 13
1 99 13
41 32 0
92 23 28
87 6 20
39 91 17
20 6 20
39 80 17
3 33 13
21 63 3
15 6 13
28 6 1
107 77 0
0 31 17
61 63 1
94 2 20
34 36 3
20 78 20
30 74 6
0 32 6
71 51 16
14 15 7
77 15 4
113 99 2
55 89 36
33 17 10
76 6 18
91 67 2
1 49 13
49 99 5
2 62 0
89 24 26
15 6 32
37 36 20
36 86 8
48 3 15
34 1 7
38 13 0
106 34 5
83 98 2
63 13 13
34 98 2
32 36 19
42 52 5
78 35 15
41 68 10
28 3 6
15 79 10
40 112 5
15 33 13
2 47 1
33 99 13
61 2 24
86 45 2
82 47 7
41 67 17
51 46 16
58 88 5
107 7 37
53 51 16
92 46 16
25 74 20
74 28 0
17 1 7
63 67 13
40 0 20
39 15 0
80 116 25
82 54 3
132 19 2
41 0 0
16 82 5
48 79 15
116 10 4
33 29 10
1 110 3
82 100 15
10 36 6
68 35 3
61 2 4
7 47 3
43 58 5
79 62 0
77 1 3
89 47 15
82 78 20
6 99 13
8 116 25
48 12 15
64 23 3
68 96 5
72 3 31
72 30 6
38 53 17
17 74 20
126 1 20
94 68 5
25 112 5
9 122 34
69 0 20
54 6 32
55 40 29
21 1 13
14 63 7
8 45 5
48 27 7
20 1 20
2 99 17
39 2 0
68 1 3
60 63 18
24 115 2
37 47 3
57 49 5
45 5 2
27 15 3
77 89 18
63 6 3
35 114 2
13 36 13
79 98 2
89 61 22
66 99 2
21 63 6
77 52 18
100 56 17
11 35 13
10 21 6
22 95 28
106 13 3
32 74 22
94 26 2
15 27 3
36 28 1
15 47 3
15 11 3
43 52 5
25 35 3
90 54 0
1 31 3
26 112 5
67 31 5
39 46 16
55 37 29
1 23 8
42 35 15
0 33 1
100 3 3
33 57 3
11 28 6
131 36 20
41 31 17
11 28 3
19 21 6
9 116 25
36 28 7
15 48 10
22 32 34
78 11 6
15 14 10
48 38 15
15 1 3
116 74 4
39 5 2
14 33 7
40 54 3
47 33 6
7 36 3
72 3 6
39 1 0
37 12 15
102 51 16
74 8 8
21 2 6
77 119 29
16 83 5
41 78 0
34 13 3
58 36 3
2 21 3
34 12 15
25 82 5
40 46 16
82 1 7
42 2 7
35 2 6
102 109 2
6 36 3
107 103 0
48 42 5
73 63 23
78 30 6
15 36 11
78 7 6
48 3 7
100 54 0
0 110 3
38 85 17
36 6 3
40 119 5
36 1 6
109 51 16
21 3 32
21 54 13
77 106 36
38 6 0
16 68 5
32 36 3
77 40 36
37 0 7
55 29 18
3 13 6
15 3 13
53 36 20
130 35 35
100 53 0
45 64 9
107 122 37
58 54 7
26 106 5
41 29 10
59 128 0
88 74 20
28 114 2
67 5 2
31 51 16
40 11 3
76 34 18
28 35 3
33 15 13
37 100 15
112 3 3
107 128 0
27 99 13
8 121 10
77 96 18
108 0 0
126 15 3
34 54 3
25 28 3
79 110 17
83 24 26
79 27 0
7 6 4
6 7 6
83 78 20
110 31 5
39 106 10
17 104 2
111 74 20
50 91 17
81 116 3
58 87 4
63 91 3
28 15 3
94 88 5
26 47 3
15 32 6
34 38 15
133 71 2
73 2 4
15 54 3
36 27 13
48 28 20
101 78 21
28 36 14
95 5 2
89 1 7
0 87 17
47 35 32
45 24 9
42 0 7
64 9 3
54 109 2
79 54 0
0 8 8
28 55 6
63 54 3
101 0 1
45 46 16
125 5 2
17 33 3
55 68 29
33 130 35
15 11 6
21 51 16
2 21 6
22 59 28
79 91 17
1 35 13
75 49 17
6 51 16
50 93 17
96 1 20
34 52 5
34 24 26
55 63 18
54 13 6
42 47 3
81 70 4
78 3 15
94 96 2
34 1 20
62 91 5
73 3 23
17 63 7
48 36 3
77 88 29
125 134 2
126 33 3
6 15 32
33 46 16
8 1 4
124 51 16
86 24 10
55 1 24
114 36 6
21 116 3
20 26 2
118 102 2
69 6 3
45 115 10
76 29 18
28 53 3
1 44 6
1 35 3
28 109 2
45 81 25
101 42 31
16 96 5
101 47 21
54 53 13
66 81 25
95 7 0
105 19 2
47 36 3
10 93 27
34 6 22
0 55 6
46 5 2
13 109 2
13 11 2
116 81 13
76 106 18
101 47 31
34 82 5
32 28 19
86 64 10
13 99 3
86 97 9
36 67 3
47 57 3
40 96 5
76 78 4
128 54 4
1 17 10
55 13 29
68 28 20
72 47 6
113 51 16
121 15 22
32 63 3
6 36 1
54 28 11
8 81 34
27 67 3
37 0 20
43 1 20
33 47 3
48 74 20
59 65 10
78 41 15
131 15 20
58 1 20
94 63 3
28 91 3
63 3 13
40 54 20
88 1 20
13 91 13
54 57 3
0 80 17
16 54 3
6 32 6
0 23 8
6 28 32
59 32 0
6 2 7
47 93 3
36 6 1
101 27 31
1 56 13
26 54 20
39 94 10
42 54 3
35 3 13
120 132 31
74 32 6
79 3 0
35 85 13
36 37 10
37 15 3
4 52 0
75 62 17
10 63 1
74 9 8
112 42 5
86 128 34
34 74 20
28 15 8
79 77 0
100 78 0
35 21 32
9 60 34
79 32 0
12 39 40
68 42 5
24 74 20
42 0 20
90 79 12
41 47 0
55 29 36
116 23 4
42 46 16
77 63 3
33 35 14
23 81 34
106 63 3
77 15 3
13 3 13
89 51 16
74 56 3
3 27 3
1 78 7
34 28 24
57 98 2
28 99 3
54 110 3
15 35 3
28 63 6
33 30 6
12 85 17
12 75 2
20 37 5
82 46 16
63 27 6
96 28 20
63 56 13
14 27 7
55 51 16
101 6 4
4 67 5
77 58 29
22 28 24
59 7 0
48 17 5
63 36 13
6 54 8
3 27 32
22 97 10
68 63 3
1 113 3
105 46 16
59 128 37
26 34 5
128 51 30
43 14 5
36 74 6
113 67 2
25 52 5
106 6 20
21 91 3
131 78 22
77 46 30
93 31 5
55 33 29
26 48 5
21 66 3
14 39 15
0 2 7
78 116 6
26 43 5
7 54 3
27 57 3
75 85 17
1 36 11
63 91 13
94 83 5
63 67 3
12 3 0
13 1 6
17 54 7
40 37 5
128 103 2
0 15 6
44 116 3
47 3 13
9 65 10
83 28 20
2 6 0
8 65 9
119 3 3
82 15 20
34 78 7
40 16 5
62 58 0
33 15 3
27 3 3
14 12 15
63 11 3
27 15 13
77 2 4
103 6 4
17 87 4
78 23 8
90 33 0
15 11 13
128 0 4
49 51 16
116 72 4
52 13 7
78 54 6
115 15 20
30 63 6
77 83 29
120 63 31
32 36 22
96 3 3
94 24 26
77 37 18
62 57 5
12 49 17
74 21 3
36 1 11
121 74 22
79 47 0
63 21 3
76 20 18
32 6 7
39 87 17
39 79 17
94 28 20
63 54 13
45 116 34
45 97 10
0 7 6
108 1 0
14 6 7
77 26 29
0 86 8
3 49 3
26 78 20
44 105 4
21 3 3
48 15 20
23 76 34
11 109 2
76 74 4
121 6 19
3 54 13
47 13 13
74 36 1
6 28 3
3 11 2
6 53 3
43 112 5
48 54 3
74 114 6
37 41 15
63 3 32
107 76 0
42 98 2
63 29 10
52 35 7
12 51 16
55 25 29
27 87 13
63 31 13
82 79 15
119 63 3
41 15 0
86 116 34
79 85 17
33 28 13
17 13 7
83 1 3
119 1 20
113 81 25
69 112 5
131 2 22
2 5 2
55 83 36
82 21 7
134 71 2
39 67 17
15 52 10
86 131 10
52 21 7
82 78 7
77 78 4
55 120 18
26 63 3
10 46 16
34 88 5
27 31 3
0 66 17
15 28 6
27 4 13
129 21 6
116 15 4
77 14 18
14 88 5
77 16 36
24 28 20
74 33 1
17 35 15
63 6 6
69 96 2
39 66 17
20 94 2
35 87 3
113 91 5
54 14 10
14 17 5
104 1 20
42 3 3
1 54 1
3 15 6
42 21 15
38 36 0
55 106 18
12 1 0
37 3 7
10 91 27
74 47 6
31 99 5
14 87 4
112 48 5
90 39 43
43 48 5
132 40 27
52 83 2
111 36 20
100 31 17
10 114 6
6 36 7
6 78 8
58 27 7
54 36 2
101 33 31
94 98 2
3 62 3
27 57 13
42 51 16
78 6 6
41 62 17
55 37 36
61 1 4
0 1 6
77 131 9
84 30 2
23 131 9
8 5 2
50 98 2
37 96 5
13 36 6
77 112 29
77 52 29
13 15 3
6 44 3
53 37 0
54 63 6
60 102 2
36 47 13
131 74 20
15 66 13
21 1 6
13 67 13
78 21 15
35 21 13
57 116 25
2 55 6
17 15 20
69 42 5
78 81 6
47 4 13
40 88 5
59 55 37
37 33 15
3 54 3
55 32 30
6 74 6
93 66 5
28 1 4
75 56 0
20 15 20
42 87 4
37 35 3
93 51 16
72 62 27
9 23 5
13 30 6
87 99 5
28 31 3
56 80 5
27 114 2
2 77 6
53 42 0
13 33 3
77 68 36
59 5 2
41 90 40
68 47 3
34 2 7
53 110 5
57 66 5
33 11 6
74 80 17
33 14 10
68 51 16
35 54 13
55 54 18
55 46 30
106 96 2
79 63 0
21 80 13
25 15 3
69 78 20
16 78 20
89 1 19
74 15 6
116 2 4
36 27 3
57 44 25
36 84 6
123 46 16
42 88 5
61 1 1
26 21 3
6 47 3
86 115 10
14 78 7
15 33 6
8 23 5
1 0 14
20 14 5
28 1 1
42 28 3
63 1 13
55 109 2
23 65 10
77 14 36
33 27 6
7 36 4
0 99 3
108 71 2
0 44 6
28 51 16
74 7 6
52 2 7
72 63 1
20 96 5
1 74 7
1 15 32
3 66 3
15 36 7
95 77 0
53 17 0
96 35 3
116 0 4
104 6 20
80 66 5
69 27 3
26 54 3
21 49 3
49 85 5
21 6 3
24 6 20
77 68 18
11 114 2
74 77 6
76 17 18
23 60 34
45 24 10
17 78 7
29 12 17
123 51 16
78 74 7
1 93 13
33 54 6
39 48 10
45 81 34
33 27 13
70 23 27
58 35 15
35 109 2
53 99 5
28 11 6
55 0 24
62 15 20
13 54 3
46 51 16
43 16 5
21 114 6
17 21 15
21 36 13
90 21 6
54 17 10
90 129 2
47 78 6
44 21 1
74 57 17
40 1 20
26 15 3
1 15 6
77 17 36
23 111 10
120 5 2
77 26 18
16 96 2
35 3 3
35 27 32
36 33 3
56 37 0
70 22 27
27 3 2
0 56 3
2 0 6
26 14 5
81 102 2
72 27 1
69 58 5
89 104 2
108 2 0
48 15 7
61 72 23
28 15 32
27 54 6
74 28 6
2 62 17
28 15 1
54 2 6
90 39 41
84 3 6
22 107 28
87 52 0
74 62 0
33 80 13
1 29 10
56 67 5
36 11 3
15 36 2
26 89 5
1 85 13
33 93 13
103 102 2
54 116 6
126 21 3
126 51 16
37 54 20
15 37 10
12 94 10
84 74 6
33 4 3
36 78 8
101 0 21
21 28 6
36 28 13
76 10 18
36 74 7
13 49 13
74 85 3
45 102 34
14 63 15
77 36 18
1 4 13
91 110 5
22 92 28
38 68 10
121 28 19
120 105 31
16 58 5
61 51 16
78 27 15
55 11 18
113 44 25
32 28 22
77 0 24
15 57 3
103 2 4
25 14 5
6 36 6
47 54 13
12 2 0
61 35 1
55 68 36
28 91 13
34 33 7
12 54 0
27 86 10
27 99 3
114 2 6
72 27 31
28 2 14
26 104 2
55 27 3
77 29 18
26 58 5
112 104 2
54 15 7
2 113 17
74 2 6
54 74 6
74 63 6
131 1 19
82 104 2
73 10 23
76 43 18
55 6 4
103 74 4
62 46 16
13 47 6
10 99 27
68 17 5
101 21 1
40 15 3
40 5 2
77 0 4
53 57 5
52 35 15
27 109 2
74 1 1
42 36 7
111 54 20
4 37 0
34 11 3
101 27 23
21 13 3
7 33 3
37 28 20
54 86 8
86 81 25
22 24 9
25 20 5
95 128 0
2 51 16
6 15 13
41 56 0
50 49 17
13 35 13
37 6 3
84 46 16
131 2 20
72 51 16
63 11 6
16 1 20
73 3 1
68 0 20
45 121 9
27 13 3
93 113 5
74 31 17
55 16 18
45 64 10
5 51 16
61 36 1
36 53 13
34 15 3
74 99 3
14 54 3
1 47 13
122 6 4
82 38 15
71 5 2
79 35 0
7 54 4
106 42 5
130 27 35
48 41 15
1 15 8
34 0 22
93 91 5
13 47 3
11 6 13
82 13 3
55 20 36
0 57 3
89 96 2
15 6 7
101 28 4
69 34 5
33 27 32
84 27 6
76 42 18
17 96 2
42 54 20
57 81 25
41 42 10
107 103 37
34 36 24
119 58 5
42 50 15
12 67 17
100 35 0
56 110 5
115 51 16
3 11 13
45 121 10
118 46 16
29 79 44
89 33 15
76 51 16
35 78 6
89 35 15
106 27 3
3 4 13
16 15 20
68 89 5
32 28 3
43 27 3
108 27 0
132 18 2
40 27 3
42 27 15
80 57 5
47 15 13
42 6 3
85 66 5
36 66 3
127 46 16
22 121 10
112 26 2
63 130 8
22 44 34
100 47 37
89 27 3
91 81 25
82 35 7
77 82 29
104 78 20
77 68 29
2 1 6
50 15 0
62 99 2
63 109 2
13 93 13
38 51 16
13 35 3
120 27 31
13 31 3
121 54 20
40 96 2
3 35 32
48 6 7
24 5 2
33 74 6
54 51 16
70 9 27
21 56 3
86 121 10
10 31 27
12 15 0
34 21 3
89 54 19
95 71 2
122 15 4
45 65 10
101 2 21
85 80 2
54 1 6
73 1 4
36 23 8
34 6 3
34 6 20
94 37 5
29 50 43
36 3 1
3 85 3
35 130 8
105 0 4
77 21 3
50 36 0
73 0 4
36 29 10
47 35 6
28 2 6
9 121 9
63 85 3
6 15 3
75 99 17
90 2 0
77 88 18
32 1 7
35 27 3
121 1 20
73 47 1
36 62 13
28 45 8
12 90 12
108 5 2
15 63 1
1 33 13
3 21 13
93 99 2
28 56 3
33 21 6
6 3 6
112 28 3
27 84 6
1 47 3
94 89 5
55 94 36
25 54 3
77 20 36
14 3 3
6 1 32
77 34 29
3 67 13
94 46 16
82 27 7
31 46 16
2 45 8
58 33 3
14 13 7
41 21 0
14 54 7
34 83 2
25 28 20
107 71 2
73 63 1
30 84 6
23 123 34
13 27 6
58 82 5
73 27 23
40 78 20
89 38 15
116 21 6
27 78 6
69 26 2
2 27 1
39 125 35
15 35 13
47 1 13
52 36 21
7 51 16
36 30 6
119 14 5
83 15 3
76 48 18
6 36 14
59 97 10
0 84 6
119 54 3
75 80 17
112 6 20
3 35 3
117 44 23
23 44 25
83 15 20
67 81 25
21 63 13
99 5 2
39 51 16
79 99 17
55 13 3
101 16 31
52 35 3
3 27 6
1 15 3
2 57 17
55 21 29
82 54 20
107 128 37
32 3 3
27 6 13
57 99 2
0 75 2
61 10 23
32 33 7
21 11 13
20 36 3
42 6 20
124 46 16
93 110 5
79 28 0
29 51 16
32 15 7
129 5 2
37 47 15
54 28 6
92 7 0
122 109 2
69 96 5
3 56 13
1 57 13
47 14 10
67 46 16
95 122 37
33 49 3
34 27 3
35 13 13
28 87 13
6 3 3
4 80 5
33 10 3
21 29 10
87 98 2
68 119 5
1 6 32
55 37 18
34 42 5
6 21 1
0 91 3
17 50 15
58 35 7
36 33 6
82 13 7
67 99 2
48 35 3
40 94 5
3 1 13
69 21 3
33 62 3
8 74 4
35 99 13
69 3 3
94 20 5
2 93 17
0 67 3
1 74 6
63 27 3
63 53 3
50 63 0
61 78 1
52 88 5
52 54 3
6 57 13
21 17 10
52 21 3
95 103 37
21 67 3
54 47 3
15 67 3
36 87 3
52 36 3
108 129 2
6 8 8
11 114 6
58 24 26
47 72 3
66 31 5
10 110 27
101 55 6
54 27 6
28 63 13
55 46 16
44 46 4
58 0 7
28 56 13
35 49 3
28 66 3
2 86 8
42 27 3
38 75 2
62 53 5
60 52 18
102 46 16
63 62 13
13 35 6
41 3 3
77 26 36
119 6 20
84 30 6
39 21 0
126 1 3
63 62 3
28 74 14
43 106 5
110 80 2
69 36 3
116 70 4
0 27 3
103 1 4
15 3 3
1 21 3
12 56 17
52 78 20
115 36 20
1 36 13
9 115 9
55 3 3
61 28 1
90 38 35
48 0 7
89 74 7
0 98 2
61 73 14
36 63 13
34 63 3
47 114 6
89 37 5
2 80 3
131 78 20
79 41 43
124 19 2
36 58 10
22 97 9
6 27 13
47 52 10
126 15 20
2 31 3
1 13 2
52 104 2
20 17 5
15 63 3
36 3 6
14 35 15
101 83 31
50 46 16
25 6 20
36 14 10
106 28 20
47 3 3
6 74 7
18 51 16
93 62 5
82 11 3
18 21 6
126 36 20
58 28 7
74 35 6
119 33 3
35 85 3
41 54 0
27 21 3
48 2 7
49 66 5
86 97 10
52 54 20
74 2 14
122 103 2
121 46 16
79 68 10
52 15 21
101 48 31
8 46 16
113 85 5
15 56 3
124 100 27
12 20 10
60 36 18
54 1 4
25 33 3
33 67 13
11 63 13
79 15 0
119 6 3
36 22 8
27 93 3
74 21 1
126 3 3
55 10 18
77 11 18
35 63 13
39 75 2
48 96 2
17 12 15
48 50 15
74 27 6
88 54 3
101 73 14
89 42 5
77 6 18
16 1 3
15 78 7
96 28 3
103 51 30
25 0 20
115 5 2
74 54 6
79 5 2
58 63 3
91 5 2
21 37 10
41 57 17
58 47 7
26 74 20
69 15 3
104 24 26
26 36 20
6 33 1
126 46 16
4 56 5
6 35 3
27 47 13
61 15 23
68 37 5
112 58 5
21 15 6
17 63 15
17 58 5
39 62 0
101 52 31
2 36 1
10 27 31
20 0 20
125 21 6
97 5 2
74 62 3
47 63 14
14 0 7
63 110 13
33 51 16
76 14 18
55 88 29
23 46 16
121 36 20
15 6 4
101 6 23
96 6 20
118 15 4
54 15 8
22 23 22
121 28 20
61 54 24
68 6 20
100 110 17
10 56 27
27 63 32
52 51 16
55 94 29
131 115 2
2 85 17
54 45 8
121 15 20
107 122 0
47 63 13
59 76 37
43 6 20
12 113 17
52 36 7
78 54 7
57 46 16
17 15 7
10 113 27
21 47 3
62 1 20
78 8 8
13 21 13
15 2 6
96 5 2
0 11 6
47 87 3
34 104 2
2 113 3
58 96 2
72 93 27
3 63 3
30 13 6
84 54 6
9 64 9
10 66 27
50 27 0
61 6 23
10 62 27
63 17 10
33 35 6
61 33 23
8 97 10
83 58 5
100 6 0
72 87 27
54 6 3
106 46 16
35 56 3
13 11 13
0 13 1
82 98 2
43 6 3
36 46 16
33 36 6
47 27 6
54 66 3
69 51 16
89 46 16
55 6 3
118 6 4
77 27 18
32 15 22
34 54 20
36 109 2
106 78 20
28 13 2
54 15 3
36 28 6
16 0 20
58 74 7
57 31 5
26 40 5
2 63 6
35 33 13
6 2 14
26 1 20
23 44 34
41 2 0
56 113 5
35 47 14
101 51 16
6 36 2
15 110 3
101 106 31
26 96 5
2 32 6
32 111 9
100 63 0
67 85 5
77 112 36
117 123 23
13 63 6
79 125 35
89 6 22
38 33 0
36 113 13
81 21 3
27 91 13
91 99 2
11 47 6
55 28 4
15 55 6
14 51 16
35 36 6
38 5 2
25 46 16
133 51 16
131 46 16
73 36 4
47 46 16
47 113 13
0 13 6
57 51 16
78 47 6
61 63 23
1 66 3
22 131 10
13 2 6
117 128 23
6 36 32
40 3 3
106 3 3
72 10 11
126 28 3
26 88 5
9 116 34
13 99 13
40 34 5
3 85 13
118 2 4
16 63 3
6 49 13
101 36 21
53 48 0
29 24 26
68 14 5
38 25 10
33 3 6
22 65 10
6 35 6
83 82 5
124 21 6
13 11 3
0 62 3
36 28 3
22 131 9
21 27 3
33 4 13
13 47 13
76 32 30
54 3 6
83 28 3
126 2 20
6 28 6
54 1 11
101 6 1
77 83 36
36 11 2
36 21 13
132 51 16
0 35 6
54 15 32
38 56 17
36 45 8
100 38 2
61 74 4
101 15 23
116 21 1
27 47 32
15 85 13
6 54 4
32 126 9
101 72 23
15 109 2
66 44 25
34 0 7
74 0 7
83 47 3
116 8 4
35 74 6
78 63 15
42 15 20
91 51 16
36 114 6
32 51 16
55 20 18
48 5 2
55 47 18
6 67 13
47 84 6
50 13 0
54 36 32
35 36 13
35 47 32
42 96 2
116 22 4
105 36 4
28 17 10
63 114 6
28 54 6
79 87 17
63 49 13
83 37 5
22 60 34
117 51 16
9 32 34
13 113 13
82 39 15
69 28 3
77 34 9
2 57 3
96 36 3
127 19 2
63 46 16
0 28 6
115 98 2
20 119 5
126 54 3
101 58 31
100 13 0
120 124 31
128 6 4
58 50 15
82 28 7
52 87 4
34 14 5
78 3 6
82 0 20
68 98 2
15 42 10
89 58 5
37 15 7
40 17 5
28 85 13
131 5 2
39 74 0
20 11 3
36 0 7
75 87 0
6 79 10
2 9 8
21 78 6
35 57 3
28 72 4
117 77 23
52 33 7
54 28 3
22 65 9
6 15 6
35 51 16
62 66 5
120 47 31
87 67 5
36 113 3
8 71 2
55 48 18
90 0 0
113 116 25
60 11 18
20 54 20
61 6 1
100 29 39
107 64 10
35 58 10
105 15 4
10 3 31
22 86 5
32 34 9
50 4 17
55 2 24
65 51 16
123 32 30
6 0 6
96 15 3
28 32 6
123 109 2
3 51 16
36 47 3
90 79 39
66 80 2
12 16 10
36 13 2
82 3 7
48 21 7
55 94 18
54 44 6
127 71 2
90 47 0
108 38 35
2 47 6
36 74 14
121 36 22
37 36 7
55 15 18
13 57 13
69 74 20
119 37 5
55 11 29
23 45 5
36 1 1
55 68 18
16 33 3
21 11 6
9 44 34
89 12 15
128 78 4
6 45 8
21 74 6
54 9 8
11 3 3
114 33 6
74 56 17
79 57 17
74 63 3
41 87 17
121 54 19
52 41 15
54 85 3
100 47 0
15 2 14
83 14 5
40 58 5
0 53 17
6 77 6
44 21 3
1 51 16
77 20 29
133 5 2
36 44 6
96 24 26
28 78 6
13 6 3
12 53 17
54 49 13
4 53 5
20 36 20
94 42 5
38 67 17
55 69 36
89 36 3
6 15 1
15 51 16
2 87 17
38 4 17
16 35 3
54 33 3
14 13 3
50 80 17
37 3 15
77 25 29
112 13 3
52 0 7
78 36 6
103 109 2
42 41 15
76 35 18
42 36 3
7 1 4
3 67 3
120 32 35
25 36 20
36 63 6
59 46 16
0 5 2
92 128 0
113 66 5
3 0 6
83 63 3
62 31 5
56 58 0
64 46 16
3 113 3
101 35 31
112 98 2
52 24 26
101 28 23
35 33 3
81 72 4
55 35 29
42 27 7
36 54 3
28 80 3
55 54 24
0 47 3
90 41 0
63 99 3
90 32 0
55 15 4
21 109 2
16 88 5
11 21 13
99 46 16
83 17 5
28 80 13
23 122 34
126 78 20
37 6 20
50 57 17
60 15 18
42 21 7
22 51 45
33 28 6
72 11 6
10 21 31
49 44 25
12 108 0
86 77 34
95 65 10
63 37 10
6 33 13
28 1 14
115 2 20
12 37 10
29 25 33
94 6 20
27 1 13
41 48 10
63 51 16
86 46 16
48 21 3
111 28 20
54 1 32
12 14 10
33 87 13
74 21 6
6 21 3
3 47 32
69 88 5
34 47 3
131 61 22
11 33 13
93 42 0
32 2 22
114 74 6
4 57 5
100 91 17
74 91 17
41 29 39
76 52 18
15 54 7
54 35 6
33 15 6
82 3 3
1 113 13
9 103 34
122 78 4
83 6 3
29 6 20
38 29 10
2 1 1
36 31 3
14 35 3
15 54 14
53 28 20
73 6 4
80 5 2
54 4 13
28 110 3
73 15 23
17 21 7
14 36 7
106 1 3
27 91 3
48 74 7
78 63 6
60 1 4
15 1 11
12 78 0
33 91 13
76 26 18
127 18 2
100 28 0
64 92 3
7 27 3
73 2 1
42 47 15
25 16 5
88 36 20
76 130 18
0 33 3
28 22 8
44 6 1
49 110 5
0 99 17
54 80 13
89 6 3
13 110 3
49 67 2
68 15 20
28 116 6
75 110 17
101 21 31
15 87 13
8 44 25
35 13 6
89 41 15
14 46 16
104 2 20
27 35 13
63 74 6
74 93 17
6 11 13
28 36 3
6 11 6
15 74 14
0 46 16
27 74 6
76 21 3
54 31 3
27 15 6
1 99 3
23 116 25
52 79 15
89 88 5
75 31 17
37 27 15
54 31 13
86 116 25
47 110 13
21 28 13
119 46 16
62 98 2
90 74 0
100 75 2
1 72 4
58 33 15
42 38 15
62 37 0
86 23 5
11 27 13
62 67 5
82 6 3
29 54 20
36 33 1
116 6 4
54 33 13
23 65 9
15 87 3
112 96 2
56 49 5
90 15 0
25 2 20
77 25 18
101 73 2
8 24 10
78 72 4
30 54 6
75 67 17
1 62 3
54 13 13
7 15 3
25 104 2
100 106 10
85 51 16
100 87 17
43 3 3
22 46 45
68 112 5
36 2 7
81 51 16
121 6 20
111 46 16
14 21 15
87 66 5
74 46 16
34 36 19
41 17 10
31 99 2
9 51 16
112 54 3
6 63 3
39 3 0
93 67 5
0 35 3
79 2 0
65 5 2
61 28 23
59 122 0
17 36 20
73 0 1
20 28 20
128 109 2
49 98 2
1 37 10
15 6 3
3 33 3
56 28 20
122 28 4
20 98 2
14 98 2
43 51 16
59 103 0
17 0 20
100 58 10
17 51 16
61 73 2
55 16 29
1 54 11
28 4 3
32 6 3
126 27 3
37 35 7
87 46 16
21 116 6
1 42 10
12 46 16
21 6 13
87 37 0
6 74 14
74 47 3
33 67 3
36 87 13
27 3 13
47 54 3
83 11 3
33 11 3
28 52 10
1 110 13
89 79 15
20 5 2
21 3 6
48 33 7
28 49 3
25 58 5
33 62 13
56 6 20
86 123 34
55 14 18
47 0 6
48 24 26
2 3 3
77 20 18
15 1 32
21 36 3
15 28 32
95 76 0
23 71 2
36 6 7
33 49 13
6 116 6
60 83 18
106 37 5
77 27 3
112 82 5
0 63 3
15 54 6
36 99 13
104 74 20
114 1 6
74 110 3
41 16 10
1 21 1
52 98 2
100 80 17
57 99 5
58 15 3
60 14 18
116 1 4
27 31 13
47 63 6
30 15 6
33 53 13
32 74 4
38 17 10
28 67 13
99 51 16
16 48 5
28 0 14
8 54 4
92 32 37
1 15 1
11 36 3
15 35 1
81 9 4
73 28 4
114 28 6
10 33 6
36 35 13
21 35 3
88 98 2
41 6 0
27 29 10
37 6 7
101 63 21
69 13 3
96 98 2
33 35 32
80 44 25
28 86 8
1 85 3
73 21 23
0 74 7
47 28 13
41 43 10
11 1 3
37 51 16
72 91 27
91 66 5
13 78 6
119 36 3
34 28 22
21 33 3
27 113 13
87 1 20
36 21 1
128 2 4
21 47 6
101 2 1
24 51 16
52 63 3
106 54 20
12 42 10
47 3 32
47 21 6
63 21 6
15 86 8
34 2 22
54 52 10
15 9 8
21 91 13
47 99 13
6 47 6
95 76 37
82 96 2
17 27 15
23 24 10
63 66 13
122 54 4
28 36 6
52 3 3
64 45 3
77 6 4
35 113 3
3 46 16
74 85 17
106 112 5
9 131 9
47 67 13
101 74 1
112 33 3
75 53 17
95 55 37
72 113 27
42 47 7
15 91 13
51 5 2
35 6 6
1 67 3
60 29 18
48 13 7
0 2 6
3 53 3
47 13 2
42 78 20
85 5 2
33 84 6
55 43 36
86 115 9
131 98 2
2 66 17
126 47 3
122 2 4
68 96 2
15 28 13
122 1 4
106 2 20
89 2 22
55 130 18
92 55 0
52 27 15
27 54 13
125 38 35
112 89 5
76 36 18
82 12 15
35 47 3
6 78 1
21 130 8
87 57 5
21 99 3
89 63 7
101 14 31
63 13 6
27 35 32
13 3 6
23 55 34
1 2 7
25 54 20
47 51 16
10 35 6
83 27 3
1 35 1
115 1 20
80 85 5
52 2 20
17 36 3
36 114 2
21 3 13
55 17 18
37 2 20
54 36 13
78 2 7
15 54 13
28 48 10
55 96 36
3 109 2
2 54 6
60 1 18
20 48 5
27 53 3
6 54 13
37 15 20
27 33 32
68 54 3
89 17 5
62 5 2
63 33 32
113 46 16
34 15 24
27 36 13
53 80 5
116 9 4
82 96 5
120 33 31
77 24 9
8 86 5
86 111 9
10 4 27
121 98 2
22 81 25
60 25 18
41 14 10
29 78 20
25 13 3
38 35 0
33 54 3
82 35 3
94 48 5
23 97 10
27 1 6
54 87 13
45 51 16
126 6 3
6 35 13
27 28 13
86 65 10
6 58 10
33 2 6
21 47 13
54 1 14
94 28 3
77 1 4
60 94 18
37 33 3
46 51 2
15 49 3
52 33 15
37 78 7
26 15 20
74 0 6
2 84 6
100 40 10
2 98 2
22 71 2
55 1 3
47 6 13
14 28 20
36 27 1
22 81 34
112 6 3
29 98 2
126 35 3
15 1 1
10 27 1
21 31 13
106 5 2
36 116 6
13 28 6
28 54 1
50 110 17
45 55 34
122 0 4
11 54 13
35 31 3
25 106 5
15 7 6
68 33 3
88 104 2
100 63 3
23 115 9
24 36 20
27 3 32
58 38 15
62 36 20
68 24 26
58 11 3
100 39 17
7 15 4
39 35 0
15 99 3
74 54 1
77 33 3
16 3 3
3 80 3
126 24 26
45 131 10
101 29 31
110 67 2
89 47 3
111 51 16
26 20 5
79 31 17
122 46 30
78 45 8
103 36 4
73 13 23
119 15 3
121 78 19
52 36 20
1 54 13
13 52 10
42 28 7
72 53 27
21 49 13
74 53 3
35 28 6
34 39 15
92 103 37
84 13 6
118 28 4
47 63 3
41 28 0
3 48 10
47 130 8
56 52 0
11 21 3
8 65 10
21 15 13
8 115 9
58 3 15
89 6 20
93 87 5
90 6 0
100 74 0
54 91 13
77 115 9
90 36 0
88 46 16
61 27 1
23 64 9
16 54 20
92 128 37
58 21 7
112 47 3
42 82 5
36 47 1
92 97 10
33 21 3
47 62 13
14 3 15
21 93 3
81 86 4
27 13 6
27 33 3
17 39 15
101 46 16
114 109 2
134 51 16
23 5 2
63 4 3
14 52 5
1 78 8
8 24 9
73 21 1
101 78 1
37 58 5
55 27 29
21 46 16
40 98 2
74 67 3
29 68 33
7 46 30
6 62 3
80 67 5
55 26 18
6 91 3
112 52 5
94 58 5
55 78 24
112 15 20
21 99 13
15 22 8
63 11 2
33 6 6
108 125 35
128 46 16
115 74 20
1 36 14
2 56 0
15 36 32
43 34 5
58 46 16
88 28 3
30 33 6
38 63 0
17 52 5
89 78 20
25 98 2
35 11 13
76 63 18
77 42 18
68 52 5
9 77 34
55 74 4
77 14 29
36 10 4
38 14 10
55 58 36
16 94 5
92 122 0
52 27 3
23 32 34
40 6 20
43 82 5
54 15 1
87 5 2
48 21 15
15 80 13
24 46 16
35 63 32
74 49 3
101 36 23
35 87 13
89 54 20
94 52 5
37 27 3
2 54 1
77 103 2
41 33 3
58 33 7
58 1 3
50 47 0
4 14 0
48 27 15
100 99 17
41 80 17
33 114 2
54 35 1
6 109 2
95 128 37
96 1 3
1 11 6
7 74 4
48 78 20
45 32 34
79 33 0
41 37 10
79 29 43
119 78 20
53 15 20
15 31 3
96 54 20
15 33 1
21 3 14
35 54 6
90 71 2
28 13 13
131 28 22
33 63 13
2 0 7
43 63 3
15 6 1
79 17 10
57 110 5
77 52 36
101 68 31
6 4 3
89 54 24
42 3 15
82 63 15
27 67 13
54 3 1
81 45 4
12 77 0
23 115 10
50 5 2
28 0 7
1 21 13
29 2 20
8 28 4
3 66 13
0 10 4
36 35 6
54 78 6
21 81 6
55 26 29
54 47 1
131 28 19
63 1 6
2 63 3
100 36 0
3 62 13
19 5 2
36 66 13
62 54 20
15 93 13
43 46 16
39 0 0
52 1 21
32 54 22
77 13 18
55 27 18
67 51 16
17 35 7
79 39 43
100 52 10
26 42 5
6 28 1
117 55 23
26 96 2
1 62 13
1 6 11
88 15 20
20 3 3
36 54 13
79 62 17
22 36 24
38 62 17
54 110 13
9 7 34
73 5 2
14 36 20
16 51 16
27 28 3
74 35 1
61 28 24
88 96 2
74 75 2
39 31 17
89 28 7
35 21 3
83 96 2
22 15 24
28 27 1
48 13 3
22 44 25
40 2 20
52 96 5
54 114 2
30 51 16
103 46 16
36 28 11
1 4 3
29 28 20
28 35 6
47 54 6
48 35 15
56 46 16
82 27 15
101 15 21
28 8 8
15 35 6
1 116 6
83 36 20
12 87 17
50 29 39
2 31 17
28 36 1
44 72 4
108 47 0
12 90 0
89 74 20
57 67 5
7 35 3
17 98 2
13 36 3
26 2 20
79 52 10
8 121 9
15 1 7
67 44 25
34 6 7
112 36 20
37 36 3
47 10 3
38 52 10
94 11 3
1 27 3
56 66 5
13 11 6
82 33 3
29 74 20
35 114 6
90 29 39
25 83 5
52 3 15
12 31 17
27 49 3
112 46 16
6 81 6
78 38 15
2 74 7
14 1 3
1 33 3
23 7 34
73 35 23
2 13 6
3 29 10
26 69 5
35 67 13
41 3 0
3 6 6
37 87 4
77 112 18
55 20 29
16 42 5
61 36 24
76 82 18
77 119 36
14 24 26
42 1 20
1 78 14
1 114 6
12 52 10
61 54 1
21 85 13
21 47 14
112 11 3
13 31 13
59 77 37
24 98 2
0 54 1
67 91 5
63 41 10
70 5 2
10 72 2
17 24 26
64 59 3
54 78 7
52 46 16
100 62 0
78 46 16
12 25 10
93 46 16
64 86 3
15 49 13
112 17 5
100 57 17
6 54 32
78 36 7
11 13 6
119 1 3
36 78 6
35 99 3
28 23 8
14 74 7
9 131 10
26 35 3
63 13 2
22 111 9
32 54 7
94 27 3
13 56 13
32 131 9
36 17 10
14 5 2
89 82 5
106 35 3
2 99 3
54 63 3
23 81 25
42 33 7
32 103 2
11 27 6
77 1 18
77 54 18
125 46 16
47 63 32
45 118 34
32 2 4
17 6 7
0 1 1
20 63 3
29 104 2
43 28 3
7 109 2
82 6 20
27 9 10
2 91 3
2 91 17
39 87 0
79 0 0
86 81 34
125 71 2
60 43 18
90 28 0
15 67 13
35 33 32
32 54 3
30 0 6
47 87 13
84 47 6
45 103 34
101 36 4
54 36 6
30 35 6
61 15 4
60 120 18
1 80 13
0 67 17
15 58 10
47 11 13
21 58 10
43 24 26
6 78 6
27 56 13
76 37 18
84 28 6
3 35 6
35 113 13
113 98 2
14 63 3
39 27 0
10 54 6
27 48 10
34 0 20
74 4 17
74 27 1
13 85 3
10 6 6
34 35 7
112 1 20
72 21 6
27 11 6
1 80 3
17 88 5
27 2 6
101 3 21
131 51 16
36 15 11
12 53 0
91 44 25
54 10 4
101 88 31
77 89 36
90 27 0
32 27 3
3 42 10
88 27 3
35 46 16
16 2 20
21 11 2
92 103 0
28 37 10
28 15 7
77 47 3
62 85 5
36 15 3
21 36 6
89 63 15
94 54 3
1 78 6
35 110 13
79 78 0
76 46 16
94 47 3
4 58 0
86 103 34
107 95 2
1 46 16
59 32 37
42 100 15
17 33 7
62 99 5
44 102 2
17 41 15
15 46 16
78 50 15
39 29 39
130 46 16
119 88 5
59 60 37
12 79 40
76 25 18
47 33 3
47 1 3
73 54 23
20 82 5
28 33 13
33 57 13
107 51 16
79 40 10
15 56 13
3 15 3
77 94 36
77 35 3
78 15 6
89 15 7
61 21 23
82 28 20
42 15 7
82 5 2
55 36 24
34 3 7
76 46 30
32 47 7
28 77 6
55 103 2
34 33 15
37 98 2
12 66 17
37 46 16
63 35 3
6 87 3
111 115 2
1 2 6
29 43 33
27 33 13
56 1 20
42 36 20
54 72 4
37 52 5
42 33 15
48 36 7
63 78 6
47 113 3
0 27 6
33 109 2
13 54 13
20 52 5
22 46 16
0 6 6
58 74 20
34 21 7
96 74 20
120 19 31
10 78 6
76 15 4
72 67 27
58 79 15
80 49 5
59 64 10
3 78 6
60 78 4
89 13 7
17 46 16
34 27 7
112 27 3
17 3 15
0 57 17
54 21 13
77 96 29
37 83 2
20 13 3
79 16 10
37 88 5
11 21 6
52 100 15
34 79 15
85 31 5
108 46 16
15 8 8
17 6 3
14 27 3
54 91 3
101 33 23
35 91 13
134 129 2
28 6 11
74 35 3
79 49 17
3 6 13
62 28 20
2 23 8
55 43 29
6 1 7
15 1 42
105 1 4
12 79 12
82 47 15
114 3 6
61 15 1
10 49 27
13 84 6
0 56 0
106 1 20
117 60 23
59 7 37
40 28 3
63 36 6
121 131 2
27 46 16
0 6 1
119 27 3
17 1 20
106 26 2
93 17 0
15 62 3
101 63 31
1 3 13
116 44 3
69 48 5
131 15 19
86 102 34
17 82 5
36 11 6
79 36 0
36 13 13
0 28 0
64 22 3
28 36 4
2 74 6
119 5 2
15 11 2
72 33 31
72 13 6
69 52 5
108 74 0
77 13 3
86 5 2
42 5 2
16 6 3
15 1 4
63 15 13
78 12 15
56 42 0
36 78 1
35 72 3
88 6 3
74 47 1
125 129 2
13 48 10
2 56 3
1 6 13
16 98 2
34 3 3
132 71 2
3 2 6
33 1 13
20 69 5
120 51 16
55 78 4
76 6 4
17 28 3
101 112 31
34 63 15
3 10 3
55 106 29
48 63 15
1 57 3
0 15 1
105 54 4
90 5 2
11 63 6
13 51 16
61 78 24
87 48 0
13 42 10
60 28 4
64 51 16
14 96 5
1 28 6
60 69 18
72 6 6
53 52 0
12 29 39
43 78 20
54 78 1
79 4 17
55 6 29
4 85 5
101 13 21
55 36 29
26 28 20
50 21 0
112 15 3
27 6 3
131 54 20
54 11 13
34 89 5
69 63 3
60 16 18
87 85 5
74 6 0
88 13 3
43 26 2
2 6 1
12 5 2
62 80 5
93 58 0
9 5 2
77 43 29
11 6 3
112 1 3
16 14 5
32 1 22
76 96 18
54 87 3
27 21 13
38 66 17
119 74 20
106 54 3
15 63 6
100 62 17
51 71 2
0 116 6
2 1 0
20 47 3
17 0 7
76 13 18
35 80 3
6 1 13
107 60 0
49 46 16
78 21 6
63 21 13
131 15 22
114 47 6
2 63 1
55 88 36
63 56 3
82 63 7
100 15 0
90 77 0
76 51 30
7 102 2
117 71 2
3 35 13
63 80 13
27 63 14
41 35 3
110 99 2
100 68 10
36 110 3
3 80 13
1 28 1
50 85 17
67 113 5
54 29 10
90 1 0
33 28 3
106 104 2
34 15 7
55 47 3
60 17 18
55 52 29
13 6 13
74 3 3
84 33 6
61 47 1
28 36 7
40 1 3
2 36 0
33 47 13
63 113 3
52 47 7
116 36 4
69 54 3
101 40 31
89 15 3
36 67 13
28 44 6
57 113 5
2 53 3
41 93 17
55 17 29
79 67 17
10 35 31
52 38 15
13 63 13
103 78 4
89 15 22
72 5 2
21 110 3
76 36 4
62 49 5
116 28 4
58 98 2
29 40 33
44 51 16
85 98 2
114 35 6
13 113 3
21 15 3
41 21 3
26 6 3
28 1 3
77 48 29
18 5 2
6 14 10
130 129 2
76 60 2
33 80 3
8 97 9
26 68 5
63 4 13
54 35 13
0 21 6
87 28 20
58 13 7
24 54 20
59 51 16
74 62 17
74 36 6
115 0 20
32 1 3
76 21 18
36 56 3
87 62 5
43 98 2
27 53 13
28 21 1
63 3 6
63 54 6
2 10 4
56 31 5
60 42 18
12 27 0
47 37 10
13 1 3
38 98 2
71 46 16
33 47 32
121 28 22
128 74 4
14 0 20
94 78 20
106 36 3
38 42 10
55 82 18
15 36 6
63 27 13
72 114 6
130 21 6
100 42 10
8 6 4
94 35 3
130 71 2
68 1 20
2 110 3
58 100 15
15 1 6
119 82 5
106 68 5
63 52 10
42 11 3
77 43 36
15 47 6
52 28 3
89 36 22
28 10 4
101 13 23
77 21 18
63 110 3
100 47 3
72 3 1
14 11 3
77 33 18
11 35 6
3 27 13
28 49 13
6 54 7
108 77 0
12 36 0
22 103 34
33 11 13
54 48 10
6 54 14
58 27 3
4 17 0
37 13 7
39 54 0
73 46 16
79 90 0
100 46 16
63 35 32
0 36 6
12 87 0
43 0 20
94 36 20
77 72 18
60 35 18
131 54 22
90 12 39
68 78 20
82 1 3
36 93 3
39 78 0
110 46 16
15 116 6
6 63 13
72 31 27
35 4 13
101 94 31
80 31 5
106 74 20
55 25 18
81 44 2
77 63 18
58 1 7
39 14 10
28 78 7
44 81 3
69 98 2
4 93 2
101 13 1
2 4 17
11 15 13
19 51 16
108 33 0
0 47 1
33 93 3
74 86 8
86 7 34
53 98 2
69 104 2
48 51 16
54 28 1
37 78 20
87 80 5
41 91 17
37 54 3
106 11 3
27 28 6
1 56 3
60 28 18
81 109 2
22 102 34
56 48 0
114 51 16
94 43 2
28 33 6
4 49 5
95 32 37
50 79 38
119 42 5
74 55 6
11 0 6
0 33 6
74 54 0
130 33 35
58 15 20
28 110 13
114 30 6
55 42 18
15 2 7
39 68 10
82 36 7
0 113 17
77 40 29
37 1 3
17 36 7
49 113 5
50 33 0
55 83 18
1 27 1
79 6 0
33 113 13
80 98 2
108 21 0
78 9 8
43 69 5
3 47 6
40 43 2
27 63 13
36 55 6
12 32 0
104 5 2
84 63 6
121 54 22
35 62 13
86 121 9
35 66 13
131 6 19
101 1 23
126 6 20
41 49 17
84 2 6
40 52 5
1 6 6
48 87 4
28 30 6
2 75 2
74 67 17
22 45 5
81 21 6
78 109 2
15 72 4
82 27 3
27 110 3
13 85 13
54 13 3
100 48 10
114 13 6
83 42 5
132 46 16
11 27 3
24 15 20
95 64 10
101 27 21
74 45 8
68 2 20
35 84 6
33 130 8
53 6 20
47 28 3
9 65 9
70 51 16
126 98 2
27 85 3
6 54 1
119 36 20
134 21 6
61 3 1
44 23 4
37 21 15
21 27 11
119 35 3
21 114 2
77 1 24
68 82 5
45 77 34
81 44 3
2 62 3
11 84 6
106 6 3
76 103 2
108 12 40
54 67 13
3 57 3
39 37 10
48 63 3
74 23 8
77 48 18
32 89 9
77 28 18
119 15 20
31 5 2
89 36 24
76 3 18
61 54 23
35 91 3
34 50 15
76 54 4
34 15 20
121 1 22
15 36 4
54 47 6
34 17 5
74 3 1
63 58 10
88 15 3
54 35 3
101 89 31
112 63 3
47 53 3
78 27 6
88 47 3
27 63 6
15 21 13
60 37 18
77 120 18
56 51 16
36 0 14
74 98 2
117 32 23
120 129 2
2 35 3
38 2 0
52 6 20
63 31 3
35 57 13
92 77 0
75 91 17
27 130 35
37 96 2
15 57 13
16 13 3
56 99 2
35 53 3
84 11 6
15 45 8
28 7 6
2 15 6
40 20 5
28 93 3
107 5 2
131 74 22
17 27 3
54 56 13
60 48 18
1 36 7
36 85 3
1 87 3
47 56 3
61 36 23
74 57 3
54 15 6
130 5 2
100 43 10
100 98 2
79 74 0
8 77 34
35 0 6
10 28 6
61 2 1
128 102 2
34 41 15
47 3 2
14 83 2
85 46 16
43 94 5
3 63 6
33 1 3
23 121 9
112 5 2
27 11 13
15 99 13
13 80 3
59 77 0
33 13 2
6 29 10
6 28 7
55 40 18
44 109 2
42 74 7
7 1 3
56 17 0
43 36 3
41 75 2
45 7 34
55 52 36
54 32 6
44 70 4
76 88 18
28 11 2
0 72 4
53 1 20
61 28 4
43 37 5
68 74 20
28 21 3
39 98 2
34 54 7
106 15 3
28 99 13
88 36 3
33 13 3
50 53 0
8 7 34
41 94 10
48 1 7
106 15 20
77 23 3
15 31 13
6 0 7
13 14 10
6 63 6
55 54 4
85 116 25
77 51 30
17 15 3
0 91 17
42 63 15
13 29 10
3 113 13
88 83 2
112 51 16
39 63 0
112 21 3
74 113 3
16 43 2
54 55 6
83 74 20
14 82 5
16 104 2
6 28 14
25 63 3
58 78 7
79 113 17
2 87 3
72 63 31
27 63 3
48 47 15
63 36 3
7 63 3
113 5 2
100 4 17
30 46 16
16 15 3
55 15 3
12 74 0
63 28 6
61 74 24
25 96 2
39 49 17
101 25 31
3 114 2
52 47 3
3 4 3
100 35 3
70 45 27
15 13 2
28 57 3
110 51 16
100 63 37
36 48 10
28 47 3
34 51 16
106 89 5
26 3 3
54 99 13
58 83 2
29 36 20
34 37 5
121 115 2
79 56 17
87 110 5
1 36 32
37 104 2
13 37 10
4 51 16
15 10 4
9 55 34
80 113 5
117 81 23
72 28 6
60 111 9
27 52 10
1 6 3
101 77 6
116 86 4
101 20 31
110 81 25
128 28 4
21 13 2
94 15 20
54 113 3
0 6 0
54 37 10
48 104 2
63 47 32
25 36 3
21 13 13
106 96 5
117 76 23
21 110 13
107 32 37
8 36 4
55 28 3
72 49 27
21 11 3
63 114 2
64 107 3
3 36 13
105 21 6
127 5 2
22 115 10
78 28 6
47 66 13
28 6 3
122 46 16
44 51 4
36 21 6
22 54 24
1 78 1
33 27 8
68 13 3
105 51 16
69 119 5
20 27 3
55 35 3
60 46 16
26 25 5
50 75 2
77 3 18
75 113 17
13 33 13
74 13 6
86 9 5
88 5 2
90 19 2
6 27 3
43 40 5
79 94 10
15 93 3
42 54 7
56 54 20
58 28 3
7 13 3
40 74 20
55 42 29
74 66 3
114 63 6
45 128 34
36 91 3
8 102 34
41 110 17
17 38 15
60 10 18
126 74 20
3 110 13
39 38 2
91 98 2
35 28 13
112 24 26
86 122 34
121 2 22
48 82 5
37 28 7
117 122 23
2 11 6
112 34 5
77 36 24
95 46 16
28 1 6
6 27 1
3 91 3
60 51 30
0 74 6
34 58 5
62 113 5
65 46 16
1 54 3
33 52 10
11 36 13
36 42 10
8 0 4
106 0 20
55 96 29
47 93 13
3 53 13
34 63 7
68 83 5
28 36 32
35 15 13
76 1 4
107 65 10
34 21 15
17 47 7
8 32 34
41 85 17
127 51 16
48 52 5
27 87 3
101 54 1
40 63 3
42 78 7
27 56 3
89 78 7
61 0 1
9 71 2
72 36 6
6 55 6
48 98 2
28 114 6
47 29 10
3 36 3
61 6 4
6 1 11
35 14 10
72 4 27
63 87 13
35 31 13
3 36 6
74 33 6
4 31 5
81 10 4
72 33 6
74 1 0
14 74 20
34 35 3
74 22 8
77 10 18
38 106 10
77 94 18
73 51 16
121 24 39
131 1 20
92 51 16
55 0 4
15 62 13
75 87 17
37 24 26
112 78 20
11 28 13
42 2 20
94 69 5
38 21 0
2 8 8
22 122 34
25 27 3
1 54 8
43 47 3
41 87 0
54 85 13
106 119 5
55 74 24
39 25 10
114 11 6
82 3 15
1 63 13
26 5 2
70 46 16
68 26 2
52 28 21
13 49 3
78 0 6
82 0 7
6 1 6
13 56 3
121 51 16
33 31 3
3 6 3
27 72 3
119 98 2
32 27 7
92 77 37
76 16 18
55 36 3
55 13 18
54 36 4
40 82 5
38 54 0
6 15 2
21 87 3
37 1 20
101 0 4
89 50 15
47 36 13
82 21 3
96 104 2
73 28 23
33 36 13
32 0 22
2 22 8
60 74 4
89 47 7
13 21 6
118 74 4
20 33 3
29 16 33
4 99 5
20 96 2
63 57 3
96 36 20
61 71 2
78 86 8
1 74 14
40 36 20
27 33 14
53 113 5
37 74 7
83 88 5
20 88 5
44 10 4
27 54 3
89 28 19
2 30 6
55 1 4
35 52 10
34 36 22
0 4 3
36 1 32
42 74 20
50 62 17
2 54 0
3 84 6
22 116 34
6 66 13
92 122 37
60 15 4
69 15 20
3 31 13
10 63 31
34 54 24
100 53 17
104 46 16
101 35 21
21 35 14
15 47 13
6 54 11
38 43 10
40 51 16
47 21 13
105 6 4
53 54 20
47 13 3
1 91 3
44 22 4
17 35 3
119 83 2
25 24 26
12 79 43
2 3 6
27 35 6
28 74 6
43 15 3
88 21 3
2 56 17
108 21 6
114 78 6
7 28 4
60 0 4
101 6 21
73 36 1
104 0 20
35 1 13
89 1 20
89 1 3
61 78 4
33 63 32
88 51 16
76 15 18
39 110 17
40 35 3
15 28 14
73 6 23
25 1 20
48 33 3
2 15 0
2 49 3
35 28 3
58 51 16
63 99 13
25 11 3
39 43 10
101 63 1
34 2 20
63 72 3
12 99 17
124 129 2
130 51 16
3 52 10
89 27 7
56 87 5
94 82 5
74 36 0
58 96 5
59 71 2
110 66 5
118 109 2
56 14 0
105 5 2
74 4 3
64 8 3
8 15 4
32 78 22
34 96 5
19 129 2
36 35 1
29 15 20
12 62 17
79 66 17
106 98 2
126 104 2
131 0 20
47 17 10
5 46 16
4 91 5
11 6 6
28 57 13
63 3 2
54 93 3
54 93 13
106 52 5
34 33 3
41 20 10
11 3 6
77 111 9
79 20 10
33 6 3
69 14 5
77 43 18
14 104 2
76 112 18
36 54 6
1 48 10
44 46 16
33 31 13
13 62 3
12 4 17
12 28 0
72 35 31
2 72 4
129 46 16
35 36 3
70 8 27
10 51 16
36 80 13
36 6 6
96 21 3
54 56 3
2 114 6
33 91 3
42 1 7
120 90 31
27 93 13
15 54 4
1 63 6
0 93 3
22 6 24
52 96 2
16 46 16
123 77 30
27 30 6
21 47 32
89 3 15
100 37 10
84 36 6
32 28 7
32 78 4
40 42 5
60 109 2
77 42 29
12 29 33
16 37 5
13 114 6
63 33 3
58 6 3
21 44 3
28 47 13
76 109 2
12 93 17
38 0 0
0 53 0
29 46 16
58 28 20
38 20 10
1 66 13
28 36 11
76 72 18
3 13 13
11 78 6
15 28 4
21 1 3
111 78 20
28 11 3
3 87 13
34 1 22
13 27 13
1 35 6
9 102 34
79 93 17
54 30 6
27 37 10
31 98 2
72 56 27
112 14 5
74 91 3
41 62 0
77 82 18
126 0 20
52 1 3
88 33 3
33 3 32
42 15 3
8 2 4
47 27 13
45 115 9
1 27 13
83 34 5
94 1 20
9 121 10
108 51 16
110 99 5
115 46 16
78 0 7
63 53 13
13 21 3
81 46 4
77 42 36
15 77 6
84 21 6
34 100 15
30 27 6
45 111 9
17 63 3
6 30 6
28 42 10
8 81 25
11 13 3
101 35 23
113 99 5
1 8 8
89 83 2
106 58 5
11 3 13
82 2 20
38 91 17
77 25 36
121 0 20
43 15 20
95 7 37
55 63 3
10 13 6
74 33 3
77 106 18
0 87 0
47 66 3
52 1 20
36 62 3
34 6 24
68 3 3
72 57 27
28 13 6
53 49 5
55 25 36
41 56 17
85 110 5
81 21 1
21 63 32
18 71 2
4 62 5
38 87 17
101 28 21
2 33 3
61 21 1
54 6 1
55 96 18
1 63 3
63 47 3
27 47 6
103 46 30
16 11 3
21 85 3
20 89 5
33 85 3
10 35 1
58 21 15
74 63 1
48 47 3
28 6 7
16 27 3
28 58 10
3 47 13
74 87 0
58 41 15
58 63 15
26 27 3
73 28 1
1 15 11
55 112 36
52 63 15
27 66 3
34 6 19
76 94 18
52 14 2
6 21 6
96 51 16
2 33 6
45 76 34
61 35 23
16 20 5
83 89 5
15 78 8
17 54 20
7 3 3
36 15 7
39 47 0
74 28 1
6 114 6
72 47 1
79 53 17
36 1 13
121 1 19
81 46 16
36 4 13
55 14 36
134 46 16
2 35 1
13 53 13
26 46 16
27 36 3
33 114 6
116 78 4
55 69 18
69 2 20
37 39 15
25 17 5
36 1 7
101 15 1
88 0 20
35 29 10
119 51 16
30 28 6
60 68 18
73 54 4
111 6 20
77 83 18
73 72 23
27 21 32
55 112 18
100 0 0
47 11 2
16 6 20
42 83 2
24 1 20
75 51 16
60 112 18
6 47 13
121 36 19
101 119 31
14 33 3
35 6 13
101 78 4
2 4 3
15 27 1
120 21 6
3 28 6
21 33 14
66 51 16
25 43 2
6 1 1
6 114 2
47 53 13
82 6 7
78 74 6
21 62 3
74 87 3
28 33 1
86 76 34
106 94 5
82 33 7
48 88 5
32 13 7
4 113 5
6 47 1
67 110 5
16 24 26
21 3 2
42 63 7
89 98 2
3 99 13
55 48 29
43 17 5
76 28 4
10 21 1
16 36 20
112 88 5
3 99 3
41 98 2
42 104 2
54 36 11
60 33 18
14 79 15
33 110 3
57 28 20
41 52 10
48 37 5
34 119 5
63 1 3
39 29 10
17 96 5
13 80 13
92 7 37
8 122 34
29 20 33
15 28 1
27 51 16
55 28 29
79 56 0
1 13 13
28 85 3
54 53 3
106 17 5
34 3 15
14 15 3
32 1 4
63 6 13
38 80 17
47 3 6
68 104 2
28 14 10
40 15 20
11 1 13
114 54 6
101 3 23
16 69 5
131 54 19
116 51 16
50 35 0
15 110 13
0 53 3
89 54 22
10 3 1
101 17 31
78 100 15
47 6 6
101 47 23
94 54 20
61 0 24
39 6 0
15 1 13
6 15 8
92 60 0
36 15 8
9 97 9
53 66 5
111 0 20
94 119 5
59 76 0
117 46 16
14 3 7
76 33 18
28 87 3
21 35 6
74 66 17
77 32 32
41 4 17
21 9 10
28 93 13
