8544
0 1 0
2 3 1
4 5 2
6 7 3
8 9 4
10 9 5
11 12 6
13 14 5
15 9 5
16 17 7
18 19 8
20 21 6
15 0 9
22 23 10
24 14 9
25 26 3
27 28 1
21 29 9
18 30 11
31 32 1
33 34 12
35 36 8
37 16 13
7 38 6
39 40 14
10 19 14
41 42 5
43 38 10
23 44 11
45 14 9
46 47 3
39 14 9
16 48 14
18 22 14
49 50 15
51 52 16
15 53 8
54 53 4
26 36 6
6 10 17
22 52 6
40 49 0
9 2 4
47 55 12
39 37 5
47 53 7
56 57 16
0 58 8
45 54 8
59 42 18
2 60 11
47 61 0
62 19 9
63 37 12
3 58 12
47 64 2
59 57 5
65 41 0
66 67 17
13 68 6
69 26 1
15 11 7
57 34 10
36 27 12
39 22 9
28 70 6
59 35 12
54 71 3
72 68 6
73 33 12
64 9 7
0 74 19
75 76 13
36 70 4
42 77 2
58 30 14
10 39 8
51 78 17
14 79 10
80 20 16
33 9 7
40 65 13
40 81 18
82 83 5
57 84 6
67 18 11
85 66 14
37 38 6
59 86 18
47 51 1
70 86 16
44 76 1
87 18 5
72 43 6
49 71 15
11 26 1
51 83 16
83 74 1
45 87 20
3 60 11
45 20 16
14 33 4
13 87 14
66 88 2
65 76 17
5 62 14
89 46 15
15 31 7
45 90 12
86 42 5
19 21 11
42 54 4
83 71 3
50 9 4
44 31 2
64 65 8
62 25 5
88 29 12
75 91 14
43 9 12
84 60 0
78 23 11
26 35 17
44 70 8
3 92 19
36 83 6
74 62 14
32 81 18
39 78 9
40 42 16
75 38 15
40 38 5
93 51 9
9 41 18
56 27 12
48 78 10
72 4 9
82 86 14
84 44 1
34 19 13
80 55 17
94 33 9
39 23 7
53 95 18
75 13 3
74 90 6
96 53 2
62 82 16
91 92 9
66 29 16
50 77 4
77 69 9
68 71 21
40 30 9
97 82 7
82 67 11
81 8 12
90 16 14
60 3 17
68 3 8
80 60 5
65 19 9
1 72 16
66 15 5
90 80 12
34 9 10
6 1 5
75 22 3
94 21 4
23 27 9
78 82 6
39 65 9
51 98 9
17 95 0
91 26 16
44 32 13
0 99 14
41 99 5
96 99 5
50 36 9
0 18 7
19 13 0
2 89 16
54 2 4
58 35 8
14 70 2
17 33 15
40 70 17
48 2 12
33 50 6
74 12 2
53 100 16
97 66 0
53 87 8
89 30 0
65 39 7
37 22 0
30 16 17
57 0 9
46 20 5
47 29 5
7 73 13
84 52 6
4 57 8
6 38 9
8 59 2
13 66 14
96 56 9
63 46 3
37 39 10
16 26 0
101 88 4
68 99 18
9 25 16
50 39 5
79 27 12
62 92 1
102 58 16
54 81 16
29 75 14
62 13 1
31 9 7
100 87 0
8 22 9
33 16 9
22 3 9
33 30 12
37 74 13
33 2 16
51 26 20
100 15 9
82 29 16
101 89 9
54 0 9
70 39 16
90 85 11
64 70 10
95 78 16
80 62 12
97 71 16
5 81 16
10 95 15
96 90 12
95 0 0
48 77 6
28 19 1
75 69 10
41 50 10
8 6 4
41 66 14
69 91 14
43 31 10
63 49 9
36 51 11
46 32 5
77 1 5
18 101 5
27 16 20
46 100 5
53 23 12
21 30 3
12 76 0
29 9 16
75 99 14
14 44 1
103 34 7
43 78 2
13 62 5
81 82 6
38 33 5
101 60 18
70 50 16
2 50 11
97 47 8
27 38 6
47 103 4
76 56 5
29 70 2
38 20 5
35 93 16
97 34 7
102 41 13
101 34 10
19 89 16
37 82 2
60 19 17
21 11 16
94 97 9
93 56 9
76 14 5
40 96 16
21 42 17
5 49 8
56 51 11
60 9 18
101 45 18
63 71 7
76 32 13
62 55 9
35 3 14
52 47 6
49 57 13
38 98 16
85 82 6
64 37 12
59 1 5
62 74 16
68 89 12
25 43 2
0 29 20
67 35 0
83 78 6
103 86 14
20 57 9
62 65 1
0 56 8
61 9 18
88 83 6
96 8 5
47 97 8
62 97 3
49 4 11
77 62 16
68 6 5
94 63 16
20 74 0
12 92 0
81 22 11
60 83 18
63 16 16
27 34 2
81 42 15
83 93 18
40 39 16
9 36 16
96 32 16
23 52 6
4 12 17
9 19 18
75 1 0
31 48 8
17 5 7
75 57 0
77 13 16
76 52 16
7 65 0
49 28 1
78 70 4
34 10 1
54 47 16
6 51 16
30 18 11
36 41 0
91 0 14
78 81 11
75 68 12
93 103 6
65 23 10
101 37 13
75 48 13
35 50 16
78 57 16
96 39 5
77 33 9
25 15 14
38 21 6
49 103 16
39 56 9
37 72 0
51 88 9
74 24 8
4 22 12
11 96 14
50 2 17
41 100 16
82 8 4
33 4 16
98 57 13
0 82 7
90 12 9
46 10 9
86 44 19
63 5 16
40 0 17
40 33 15
46 22 8
69 103 5
18 62 16
73 18 10
63 43 2
12 51 0
27 7 1
2 5 2
76 13 11
80 27 17
92 52 16
31 67 9
14 35 8
34 71 3
73 82 10
45 31 16
0 77 7
60 44 9
69 20 5
52 84 16
35 96 14
85 58 10
51 95 16
91 45 1
63 39 7
47 11 2
52 81 6
15 6 15
56 9 6
59 67 17
12 71 15
34 56 16
76 42 12
93 85 9
11 41 14
48 33 2
53 45 1
63 79 10
28 93 1
39 52 2
86 5 18
89 23 3
101 30 1
96 103 16
90 100 4
32 14 18
97 75 1
88 7 1
47 67 16
12 44 0
46 50 6
18 80 4
6 12 3
94 88 6
3 70 6
100 8 6
23 70 4
55 67 13
34 43 9
55 5 21
15 82 10
43 96 14
16 92 14
36 38 3
95 57 1
88 16 8
49 58 7
100 36 4
3 5 2
38 44 3
40 32 5
99 90 7
55 20 14
35 18 7
46 7 14
53 21 5
45 48 9
101 94 10
42 91 11
55 10 13
1 47 16
79 97 8
13 35 3
97 88 6
99 3 5
17 103 15
58 90 11
34 62 16
36 32 13
3 38 6
57 43 7
88 55 1
69 51 13
32 78 21
46 55 16
72 34 6
88 42 10
36 15 14
52 43 9
100 90 4
4 21 11
20 79 2
18 25 16
92 82 6
13 0 3
63 8 7
7 91 11
95 53 18
66 43 9
36 9 6
88 10 13
5 31 7
62 27 9
77 45 18
80 56 9
99 28 1
77 6 10
94 68 10
61 2 11
52 83 17
93 53 5
95 49 20
8 39 5
16 100 10
89 99 14
0 84 3
18 20 9
22 75 18
95 42 6
29 44 5
62 4 9
100 17 15
73 75 9
44 78 10
103 89 1
95 30 1
10 103 9
4 98 1
78 35 8
0 93 16
49 36 7
32 96 14
50 90 4
72 24 7
90 47 11
95 4 6
46 0 15
73 66 5
61 8 5
97 69 11
27 19 1
68 86 8
65 70 6
85 42 12
73 36 16
23 32 8
96 100 16
79 62 1
23 9 16
87 91 20
30 5 5
36 58 5
102 35 9
13 2 9
44 56 10
50 5 3
57 41 18
26 34 9
22 103 18
32 16 9
86 97 16
95 55 14
20 38 10
64 69 5
0 103 10
61 14 9
20 14 2
60 94 6
7 81 9
40 66 19
60 8 5
90 51 5
77 31 9
71 5 5
33 81 3
93 98 5
46 81 3
72 25 5
103 93 16
46 94 9
43 61 14
83 76 14
16 35 0
7 101 18
4 71 11
8 82 4
38 99 16
37 95 13
72 71 12
79 0 8
24 13 12
51 79 5
74 88 8
14 43 2
47 39 7
65 99 9
82 73 5
33 90 4
23 82 16
99 8 11
79 78 10
43 97 1
50 87 18
56 88 12
26 10 9
81 32 18
100 84 2
54 6 15
47 83 6
36 45 0
47 69 2
6 92 16
45 18 8
10 73 5
69 99 14
102 57 5
49 92 0
28 22 0
67 13 14
84 56 10
96 88 11
100 52 7
36 75 13
57 59 11
54 89 9
74 63 16
57 51 14
19 73 13
36 29 1
77 93 13
68 15 17
32 20 5
26 68 12
34 14 16
52 31 12
20 85 13
4 13 0
11 71 6
7 76 19
57 101 10
4 86 1
3 80 11
70 85 8
25 18 6
56 26 13
101 61 18
75 24 6
85 0 14
33 15 9
18 51 14
46 45 14
6 19 3
33 88 16
11 46 10
62 46 18
8 36 9
46 29 8
49 52 18
12 80 15
63 7 12
13 71 12
80 7 17
61 75 16
49 7 11
59 63 6
1 44 16
0 102 0
32 37 16
57 32 0
32 72 20
18 7 8
12 1 13
56 83 16
26 99 16
70 31 5
49 47 7
47 2 12
79 70 2
91 48 9
35 57 0
97 40 11
68 69 12
74 89 9
77 12 3
69 42 16
31 21 9
53 38 16
102 19 14
12 23 7
33 20 5
2 78 12
35 66 0
75 7 14
101 23 6
101 99 8
14 3 12
79 11 2
10 101 5
66 35 9
23 35 3
85 63 10
66 6 10
20 71 6
22 82 16
95 29 14
1 32 19
2 54 4
98 9 18
103 100 10
95 11 7
86 43 6
78 26 13
94 71 4
92 61 0
5 37 13
14 21 7
98 16 20
68 47 6
90 67 14
2 48 12
78 86 12
60 56 9
34 37 8
54 41 3
79 5 16
102 39 8
95 70 12
10 26 0
35 98 14
90 40 8
103 37 14
71 2 11
46 102 9
67 17 7
31 54 9
37 40 14
70 15 9
16 13 14
76 60 0
7 8 11
53 88 17
52 94 5
41 88 5
17 15 9
17 55 14
55 42 10
36 47 5
93 81 12
71 49 15
19 26 14
69 83 9
64 32 1
86 28 5
39 85 9
56 32 13
14 92 1
13 36 17
2 20 14
86 66 13
97 52 7
59 79 16
32 31 5
42 12 17
67 69 7
40 20 15
88 48 12
41 84 9
92 53 7
24 3 11
42 28 5
15 80 3
98 103 16
32 50 6
3 16 13
59 99 8
92 56 5
91 76 9
58 61 0
95 68 11
9 102 1
73 43 9
47 36 5
64 4 16
18 42 4
1 11 9
45 82 6
99 26 14
66 100 9
11 50 6
45 30 20
63 38 3
59 93 14
11 57 9
77 16 15
16 74 1
19 56 12
6 47 6
49 79 7
13 55 9
37 86 5
29 4 12
9 47 16
31 47 2
38 17 10
80 30 8
94 85 16
87 79 16
51 32 14
2 4 5
78 80 7
21 74 3
93 89 16
38 77 9
14 7 12
79 26 14
57 68 11
65 47 17
24 88 11
22 24 7
7 22 9
19 40 14
59 37 14
31 28 16
58 77 6
68 79 16
31 102 0
58 54 6
92 86 19
79 51 1
12 37 1
90 66 16
84 29 1
46 86 14
78 90 11
50 70 16
67 12 2
88 4 10
76 20 13
7 59 18
37 73 13
85 101 6
42 103 16
88 59 18
4 56 12
14 91 0
52 0 9
32 22 20
38 93 14
99 19 1
46 53 6
15 8 3
3 25 19
4 69 6
46 26 5
1 41 13
48 36 10
87 103 9
25 2 12
97 38 15
101 52 11
72 45 0
38 15 9
29 62 5
87 54 11
91 47 9
58 50 7
65 43 6
75 53 6
64 5 9
82 101 5
103 22 18
60 53 10
52 50 4
21 51 9
41 82 18
92 96 0
49 33 6
31 44 8
89 49 16
88 87 3
20 93 14
9 26 12
102 72 16
58 96 0
10 66 5
24 94 4
51 35 3
41 6 12
34 53 3
31 10 0
13 92 1
94 42 6
79 91 12
42 31 6
34 99 13
23 45 12
19 33 6
9 53 4
0 44 20
95 58 6
82 13 14
71 24 5
83 97 9
68 11 12
32 55 16
80 49 15
25 28 19
34 52 10
63 62 1
25 34 6
93 65 9
21 14 9
103 38 15
11 103 5
28 95 13
17 53 6
93 100 16
36 13 11
80 22 9
28 53 10
77 97 9
46 35 15
103 15 0
42 25 12
28 87 18
84 8 7
5 101 10
75 62 3
71 84 12
28 76 9
36 37 12
4 0 16
102 51 14
65 29 5
37 63 12
2 96 11
11 67 9
26 39 6
5 66 15
57 30 1
37 24 11
4 30 13
74 92 16
58 16 16
65 86 9
45 76 9
23 2 9
97 79 8
33 92 13
83 53 3
7 54 18
96 46 16
48 19 19
62 39 7
91 33 16
79 87 14
54 40 12
77 15 5
100 47 3
54 84 6
47 50 7
73 25 16
70 12 6
21 28 17
43 94 7
64 11 5
3 17 16
95 83 10
17 39 22
93 17 16
73 47 16
70 17 10
59 102 17
75 41 14
45 69 16
10 74 5
90 32 8
60 29 9
6 49 18
49 13 0
22 64 6
32 62 20
20 29 13
33 64 5
38 14 3
39 62 9
85 100 2
29 55 19
75 63 2
44 60 0
40 72 13
65 12 9
30 54 10
12 87 18
67 44 14
30 97 19
61 70 6
10 72 16
52 26 12
94 57 5
20 103 5
90 77 16
62 102 14
67 14 6
29 89 14
92 73 14
15 18 10
25 19 19
40 90 8
5 7 13
86 46 6
77 49 8
29 24 7
84 3 9
65 8 7
80 33 16
83 67 5
15 85 16
101 24 3
37 75 16
21 54 3
73 22 14
73 54 5
15 5 5
77 82 10
92 54 6
22 61 0
3 64 6
72 26 18
68 60 14
40 51 13
10 25 16
2 24 11
48 101 6
48 8 7
41 64 16
62 33 2
39 58 9
56 44 5
34 16 15
100 51 18
102 33 9
43 27 14
56 29 1
27 46 16
41 55 5
47 30 14
52 40 12
57 37 20
36 80 7
31 39 6
34 24 3
76 34 16
9 13 14
61 21 5
59 58 6
7 56 12
6 57 15
1 34 10
20 51 13
28 54 6
77 44 16
5 18 15
7 23 7
102 38 7
5 76 16
27 92 19
18 17 7
92 7 19
82 92 16
23 0 3
25 87 16
12 34 3
92 3 19
29 96 0
50 58 9
57 62 14
44 55 19
7 11 6
4 39 10
101 35 9
76 5 6
10 93 3
90 2 9
34 64 12
90 37 9
33 77 7
77 72 16
36 69 4
93 4 11
15 47 16
22 7 19
77 68 10
97 25 13
79 43 2
29 58 5
84 68 6
46 96 14
86 48 19
87 35 9
89 59 7
61 97 14
85 4 12
69 71 6
58 76 1
46 40 1
22 76 5
102 12 3
73 77 10
1 100 9
84 82 16
91 101 18
18 2 4
11 38 10
82 36 16
72 64 8
25 83 6
43 86 14
1 36 16
13 103 3
102 75 9
39 80 10
22 77 16
58 44 5
5 89 0
71 48 9
89 57 0
35 86 14
18 21 4
103 11 10
95 77 15
49 37 1
99 9 18
25 103 2
30 67 17
100 82 7
51 71 12
61 79 9
25 12 9
75 64 10
25 75 14
22 46 8
58 28 0
80 5 4
38 76 3
58 91 0
71 21 5
60 74 18
31 76 8
31 99 16
93 87 20
0 59 12
6 2 3
59 22 16
59 61 14
15 72 16
59 6 5
86 90 7
92 13 11
91 34 3
95 73 15
12 40 16
74 39 3
11 9 7
35 78 8
28 81 9
78 59 16
32 7 16
42 85 12
39 36 9
69 52 12
29 6 6
11 48 13
68 1 15
79 32 8
74 60 20
33 39 6
88 94 2
7 69 6
50 99 17
60 23 12
35 13 3
60 90 12
38 28 16
10 83 5
101 1 1
81 4 7
96 72 19
45 26 16
33 6 7
16 86 20
29 7 19
71 20 16
57 72 14
18 103 9
72 54 6
16 12 2
52 78 6
69 48 13
38 83 9
93 12 5
18 95 15
23 22 5
7 67 13
46 99 16
103 60 16
78 62 11
67 2 18
1 48 16
83 30 1
79 19 12
90 99 9
47 90 11
69 96 14
54 21 3
24 50 5
61 3 17
90 17 6
17 77 9
1 81 16
66 8 8
46 103 15
18 61 13
53 26 16
100 43 10
86 72 0
27 21 11
62 53 12
79 72 11
81 19 0
50 75 16
75 59 7
78 89 13
6 55 3
85 7 19
85 25 5
53 28 5
29 80 7
35 28 14
35 25 20
87 73 11
17 22 8
45 15 18
1 2 18
4 49 17
66 91 13
33 43 10
13 30 16
12 46 16
62 30 16
49 39 15
45 100 16
96 6 8
103 48 8
54 35 9
13 77 10
8 24 10
71 83 3
40 83 9
69 36 4
59 77 17
31 14 2
66 87 1
18 13 16
29 38 2
98 94 8
35 100 10
95 99 14
41 68 2
62 38 2
9 24 4
16 47 6
44 3 19
30 0 19
93 26 16
48 35 20
101 87 11
100 20 1
34 69 12
13 23 10
42 93 11
66 90 6
97 68 7
89 71 6
93 16 13
76 25 5
0 73 0
95 36 16
18 50 4
73 0 9
71 54 3
89 84 3
47 93 0
75 65 3
19 38 6
50 79 9
93 28 5
15 1 5
27 12 17
5 26 0
10 94 10
103 17 15
53 85 9
50 29 9
16 31 7
93 54 18
31 17 15
39 24 10
7 88 5
43 81 3
23 86 9
93 80 10
13 75 3
76 91 0
47 73 14
18 89 9
80 23 12
26 9 9
100 67 9
46 72 3
54 72 16
58 7 12
51 28 9
89 35 5
29 72 5
32 19 16
92 12 9
27 15 18
20 19 16
84 86 9
49 12 5
30 29 14
15 49 18
21 40 16
40 103 17
15 25 16
23 54 6
17 66 9
63 42 12
71 87 8
33 18 7
81 71 12
90 93 12
72 31 8
29 78 5
33 70 10
102 61 13
17 58 3
0 80 16
78 31 3
27 56 12
44 45 0
87 50 8
50 88 17
99 10 13
47 7 12
88 82 2
19 82 2
57 5 5
61 84 12
61 52 2
82 85 16
16 10 15
68 29 16
70 26 1
38 30 9
103 53 16
97 50 16
61 25 9
40 8 6
8 90 12
8 75 16
55 72 19
67 33 7
70 69 5
16 8 3
72 19 9
15 42 18
55 17 16
54 13 14
34 48 16
63 86 12
33 17 15
2 56 12
12 3 1
49 6 3
37 91 11
46 33 5
81 53 12
91 18 6
30 60 20
88 3 1
74 95 5
101 14 6
80 66 8
58 45 0
19 70 6
67 55 13
16 91 3
14 65 1
62 43 6
69 39 6
44 9 6
21 9 4
74 26 0
56 7 12
37 1 13
58 20 13
43 25 13
80 71 10
49 1 13
68 16 15
63 54 6
55 80 11
45 71 10
2 90 7
80 13 12
48 0 20
99 51 0
98 102 20
72 16 16
9 74 1
82 57 5
90 78 11
7 15 18
11 87 0
42 76 12
81 26 18
19 3 1
44 48 1
82 94 5
42 10 13
90 30 16
18 37 8
91 49 15
102 40 19
67 53 3
73 68 10
59 75 9
14 34 6
25 7 19
70 65 13
53 25 9
52 67 15
67 20 0
11 100 5
10 18 10
92 68 16
54 29 14
51 1 16
72 27 9
50 83 3
79 68 6
39 49 15
57 19 20
55 4 5
90 75 3
42 92 12
52 23 16
54 24 3
50 33 16
61 90 12
87 71 8
72 12 9
71 96 5
96 15 20
21 36 9
43 69 10
99 71 10
37 32 14
5 51 14
16 78 6
6 5 15
25 65 1
75 30 0
73 71 3
84 46 4
92 63 5
10 99 14
24 48 9
90 35 3
12 31 6
90 9 6
52 53 21
50 16 3
44 27 19
30 71 8
27 65 0
93 42 11
6 90 20
90 34 16
36 6 16
46 75 15
23 40 13
78 46 3
51 69 6
25 44 1
67 100 7
69 46 10
54 60 3
84 27 9
21 8 5
84 50 7
93 92 9
95 91 18
11 10 12
77 87 1
86 74 18
34 39 4
29 50 7
97 93 16
49 85 0
62 84 5
75 23 3
57 85 14
16 9 15
39 60 1
28 9 18
86 100 6
16 66 15
10 22 14
66 18 10
24 61 1
94 75 9
16 43 7
95 21 3
82 1 5
22 13 5
12 83 3
90 72 5
54 61 3
79 81 11
60 92 9
56 11 2
93 27 11
20 88 16
92 55 19
0 63 8
92 11 2
85 11 2
47 45 12
96 71 10
48 38 3
75 51 18
13 19 9
22 95 16
89 86 14
54 42 4
102 9 5
24 26 16
44 67 16
69 21 6
22 43 8
82 9 5
71 13 12
20 63 2
88 49 17
85 1 14
31 50 6
57 40 0
67 28 13
91 19 17
53 4 17
23 17 4
54 39 3
36 73 14
33 66 12
87 52 10
66 42 2
57 91 18
94 81 6
33 26 1
25 20 20
61 72 19
28 41 1
87 10 11
16 70 7
10 89 9
37 84 7
16 68 15
101 36 6
69 40 15
1 4 2
42 24 11
24 11 16
78 68 16
70 20 5
76 17 18
49 76 0
9 57 1
93 63 9
14 67 16
72 48 5
52 82 17
12 39 15
27 100 6
91 103 6
17 8 6
38 18 9
14 13 1
2 80 11
76 65 11
70 83 9
36 59 16
2 22 12
25 61 0
6 41 18
15 75 9
90 5 16
45 33 16
33 84 2
88 66 13
86 12 17
87 44 16
48 24 7
19 4 5
58 75 13
28 33 6
15 23 16
29 27 19
31 53 6
56 70 4
58 95 16
49 83 8
25 29 1
95 43 7
90 33 4
65 74 16
76 47 5
14 103 4
85 17 3
84 19 9
20 47 2
61 77 6
51 4 9
85 75 14
94 19 14
27 43 16
90 69 4
9 76 16
71 4 11
74 35 19
77 98 8
20 33 10
13 31 8
57 14 6
25 63 10
3 77 8
19 50 11
3 22 0
65 102 14
98 20 16
28 84 7
70 19 16
62 94 6
27 45 11
41 57 3
17 40 1
8 58 9
75 34 7
73 8 8
28 38 6
79 86 12
82 74 5
63 73 14
67 101 10
22 40 14
84 95 16
100 6 7
57 20 0
36 24 7
29 2 12
5 65 14
55 21 11
27 4 10
17 16 9
73 21 8
53 11 16
55 71 11
78 15 14
37 51 0
88 34 2
73 55 14
91 51 9
63 61 0
69 78 4
90 76 11
66 83 5
74 32 0
93 96 1
55 49 5
18 48 16
87 15 11
92 0 13
99 14 12
77 102 5
58 46 3
48 86 19
62 24 12
18 1 5
74 1 1
32 59 12
31 19 16
76 97 18
71 73 3
49 74 20
26 52 12
69 1 0
86 21 11
68 21 4
80 10 3
46 49 14
68 77 5
97 2 6
81 46 3
84 64 6
54 25 16
31 96 14
26 49 16
44 0 14
66 3 13
10 92 16
39 43 16
32 12 16
49 68 18
44 26 13
14 62 1
10 98 20
10 82 10
91 82 18
72 46 3
100 49 14
103 55 14
34 60 3
72 101 6
85 53 7
48 31 16
53 83 3
41 67 3
2 63 12
51 62 5
15 22 14
82 30 5
3 49 5
20 35 1
50 102 18
61 24 5
10 48 16
25 13 1
4 102 13
1 80 18
18 66 5
102 42 6
61 67 13
6 101 15
47 43 4
82 96 18
100 5 9
72 73 14
102 52 10
61 39 5
53 51 9
52 72 16
57 74 1
38 59 12
94 38 7
73 83 5
25 31 2
8 97 14
63 44 1
60 91 1
41 85 9
103 77 7
93 15 18
95 24 18
87 43 9
43 28 14
25 99 1
51 18 16
58 32 13
76 84 11
72 42 9
14 89 8
94 59 11
103 50 16
85 41 0
35 94 7
97 86 14
82 91 18
102 99 14
3 1 13
60 4 9
8 43 16
73 48 16
44 100 2
19 2 5
8 21 10
59 85 16
62 45 0
69 4 16
15 17 7
56 20 13
56 84 10
87 17 7
100 42 16
67 26 0
20 52 12
96 40 5
51 40 13
54 75 9
2 62 0
20 83 9
65 34 6
66 33 9
72 29 1
58 33 2
9 79 6
59 70 12
23 46 6
59 81 16
5 86 13
84 22 1
36 62 11
67 94 11
72 35 13
6 16 15
83 3 13
16 88 8
1 50 18
56 102 14
3 93 11
65 84 5
54 59 10
101 28 8
88 25 12
83 92 14
66 13 16
73 59 11
63 10 14
23 88 9
1 90 16
89 70 11
25 80 7
60 11 16
99 15 13
55 12 5
79 17 3
15 12 21
41 24 10
85 86 19
8 86 17
27 3 1
89 28 14
33 85 13
80 14 9
15 40 0
54 45 18
17 88 22
34 51 14
19 84 7
47 8 7
63 4 12
19 80 11
55 30 13
29 20 13
25 77 6
20 17 15
40 79 3
96 31 16
74 54 10
57 98 20
68 100 9
53 59 2
64 21 6
21 76 9
15 90 6
17 41 16
70 45 14
16 2 8
66 99 13
50 14 9
20 40 1
52 10 5
53 67 3
68 98 8
72 58 5
47 81 17
50 37 17
6 15 15
41 46 6
78 5 6
88 96 11
80 59 2
103 32 11
2 64 6
7 102 13
61 58 9
43 23 3
34 84 16
44 66 14
47 16 14
63 25 1
49 38 6
94 55 8
3 88 5
24 99 5
74 6 11
73 101 5
56 103 4
30 53 8
69 75 1
10 42 6
35 19 14
60 79 9
35 63 8
4 28 1
85 40 13
98 26 14
35 95 9
39 83 3
48 10 14
51 85 17
51 2 9
96 49 15
35 46 15
26 86 16
66 93 13
95 32 0
34 32 12
5 25 14
3 102 13
99 39 10
42 87 18
58 59 16
19 93 11
29 83 16
103 13 3
56 24 7
46 64 5
0 2 6
66 97 9
66 32 19
83 18 10
70 101 9
16 41 3
102 7 14
27 11 6
62 26 13
26 81 18
11 65 13
40 102 19
100 32 1
24 43 16
32 99 16
36 99 0
33 63 21
88 84 7
70 87 0
48 75 14
16 37 13
23 58 17
80 29 9
26 54 12
1 59 10
84 30 16
43 34 7
2 31 6
38 65 8
45 39 5
62 32 20
20 62 13
16 18 15
86 34 8
11 5 9
65 93 0
16 45 18
49 25 0
59 92 16
61 7 17
8 68 4
71 32 16
4 75 16
83 101 10
10 57 5
25 6 16
38 79 2
50 49 9
69 18 7
86 96 11
4 58 12
45 73 18
31 63 6
8 53 10
20 90 18
33 14 4
80 98 5
40 85 13
43 7 14
75 8 6
12 41 15
17 70 5
50 64 16
57 1 1
46 93 14
11 99 14
27 22 19
14 12 9
74 19 20
13 74 16
4 82 2
88 50 11
57 76 14
82 68 11
12 75 14
24 87 8
63 69 2
76 71 7
57 48 14
44 11 2
46 2 6
35 91 16
53 90 12
17 90 2
53 74 8
103 83 7
40 35 17
53 22 9
18 23 6
54 98 8
14 36 10
88 74 18
5 32 0
63 96 0
6 82 5
60 84 18
76 68 16
76 93 0
66 81 6
12 33 6
85 96 0
23 42 9
5 41 3
46 54 9
71 15 3
44 96 0
101 10 1
24 103 6
70 92 3
74 49 20
28 102 13
65 28 9
82 31 9
83 102 1
0 17 15
91 43 16
53 1 8
67 36 6
95 60 18
102 22 14
6 25 14
75 39 6
43 6 7
54 4 4
76 8 7
40 19 16
34 35 9
100 35 1
86 57 13
81 24 12
80 35 14
10 84 16
16 50 3
42 97 16
36 76 1
67 68 15
99 6 6
11 18 7
56 12 9
8 30 3
50 98 17
88 23 7
29 52 6
65 45 0
35 32 11
98 89 16
1 62 16
4 62 0
39 86 11
17 21 6
94 18 10
73 53 3
66 21 8
62 3 9
24 46 16
56 43 2
103 20 1
88 63 12
70 75 11
60 95 18
55 68 8
66 31 9
84 15 16
64 41 14
98 3 5
20 58 2
3 32 14
31 16 9
46 14 3
12 91 1
76 58 5
26 53 14
87 67 11
48 65 1
43 33 10
20 23 18
103 88 6
10 96 3
78 85 5
63 29 1
8 84 9
63 3 12
65 55 9
94 98 8
37 69 6
92 51 11
39 50 10
27 26 14
54 31 7
48 22 1
74 30 1
50 32 16
65 33 2
24 65 12
12 63 7
0 5 9
99 43 16
71 23 12
78 51 11
84 40 13
55 7 1
102 13 16
43 60 14
44 69 2
21 98 17
16 54 10
24 9 4
67 40 19
43 71 6
3 71 11
80 1 8
28 46 6
96 98 5
49 80 15
8 61 1
81 10 16
89 102 0
64 61 14
66 51 14
74 18 11
43 32 11
48 66 14
58 53 7
29 36 5
99 87 18
1 56 16
36 97 8
70 74 12
89 4 6
52 56 6
70 72 18
23 4 9
53 30 8
103 33 10
69 6 7
55 79 7
16 38 7
19 36 12
101 48 16
18 15 5
13 15 16
1 88 2
82 61 18
40 98 16
89 32 11
103 59 12
56 97 8
32 102 19
94 93 13
3 35 16
16 7 20
43 88 6
14 11 4
27 78 12
3 6 3
94 35 9
47 22 11
54 38 7
41 13 9
13 45 0
58 81 11
32 43 11
22 31 2
31 4 16
83 47 6
64 62 8
28 67 13
63 88 12
64 85 8
21 3 17
19 83 6
24 15 3
24 18 4
71 26 16
37 12 5
95 54 10
96 80 10
75 4 6
79 38 2
54 56 16
90 42 9
80 42 17
17 63 3
31 64 5
70 77 7
34 13 16
80 24 5
100 72 13
30 38 7
73 61 3
34 15 1
75 61 14
13 26 13
27 71 11
10 15 5
70 9 9
0 30 20
92 71 7
90 60 12
28 64 6
100 9 7
37 25 19
38 45 14
3 91 11
73 29 16
6 69 9
45 19 17
16 24 3
32 93 14
80 64 16
44 51 11
47 6 16
80 89 16
51 46 18
71 72 12
95 2 6
26 50 6
13 21 7
1 45 18
8 100 16
10 68 10
10 11 12
19 25 19
78 66 14
100 58 2
14 68 6
12 32 14
70 40 11
23 25 11
71 99 5
43 57 9
69 101 7
8 88 17
31 86 16
24 75 16
33 52 12
17 97 15
101 9 10
4 80 11
94 83 5
32 17 11
10 52 10
48 5 16
87 19 3
77 48 16
6 46 9
32 80 6
89 87 0
51 42 9
68 83 17
76 82 6
9 91 18
54 44 16
69 43 10
60 0 14
10 51 14
5 13 14
102 100 9
4 89 16
81 34 6
96 36 9
70 14 21
61 54 18
95 64 7
59 73 17
95 18 15
50 81 12
38 24 6
84 96 0
75 50 6
75 10 0
16 60 3
44 97 14
50 78 9
2 71 11
62 61 0
83 33 7
95 33 7
33 60 14
102 2 6
71 68 2
3 19 1
76 36 5
101 63 6
98 83 2
57 99 13
54 46 7
49 66 20
57 22 14
52 9 15
94 70 9
61 34 3
23 59 6
16 5 10
39 101 3
66 16 15
60 55 17
14 81 11
70 8 6
35 101 7
80 53 5
3 84 7
53 94 4
92 15 14
32 54 9
57 103 9
70 1 9
24 57 3
96 16 18
93 22 9
1 94 10
88 39 10
88 54 18
97 89 1
47 63 5
94 78 6
11 27 16
24 8 5
62 11 2
74 21 3
89 1 0
4 66 13
62 50 7
20 73 19
40 80 16
60 27 17
40 24 16
6 9 5
57 10 1
65 94 6
94 77 10
8 65 9
39 42 5
99 92 9
33 76 8
66 84 16
52 19 8
78 73 14
60 48 9
65 73 14
6 32 9
3 73 13
9 80 4
18 40 12
62 17 2
45 13 9
96 87 20
36 56 5
11 90 4
28 4 5
24 17 16
72 74 14
47 98 0
30 84 6
39 33 16
51 72 5
8 45 1
78 20 13
12 61 15
43 101 9
55 45 11
74 91 20
3 76 19
2 88 5
64 44 8
93 21 5
91 40 14
78 96 0
16 103 7
52 28 18
21 79 9
102 65 16
70 6 7
87 25 16
55 63 12
10 80 3
32 70 5
2 76 12
30 57 5
24 97 14
98 77 8
22 93 0
63 103 4
52 18 5
12 13 0
24 23 12
66 46 7
0 96 14
6 62 16
92 14 5
48 60 0
69 5 9
89 53 6
60 86 17
97 41 14
23 66 16
94 23 6
86 81 9
103 76 8
45 6 8
25 55 19
49 54 8
83 88 4
88 90 7
15 48 16
49 8 15
24 68 2
95 72 14
29 85 5
2 33 6
45 85 9
77 32 12
30 74 5
10 5 15
65 6 6
73 20 19
78 67 16
74 29 14
29 53 7
63 50 7
71 38 16
57 80 3
62 42 9
67 81 16
83 49 13
102 0 9
68 49 8
41 25 9
67 58 6
65 16 14
103 101 7
71 64 16
72 2 9
24 74 8
80 99 5
4 85 12
58 39 7
17 71 6
88 37 1
53 41 5
98 18 8
65 37 9
13 40 13
26 25 13
13 12 9
3 15 13
96 11 16
28 101 6
53 55 17
32 46 10
102 70 12
65 96 0
46 43 5
52 73 5
99 68 18
19 74 13
5 71 4
48 67 16
48 55 19
92 72 11
77 67 15
49 22 0
34 28 13
78 103 4
90 58 11
95 97 0
29 8 7
5 27 13
73 64 12
33 48 13
32 8 6
58 17 3
44 84 10
80 39 5
4 18 2
4 8 11
29 5 16
48 58 10
62 36 17
70 29 18
20 24 6
67 9 11
43 22 13
69 10 12
24 63 9
18 9 5
29 48 5
65 71 12
74 83 5
46 34 9
11 19 16
85 19 19
34 44 16
77 7 14
73 46 7
11 37 16
34 57 1
78 52 16
41 91 1
0 12 16
57 13 14
93 32 16
64 79 2
8 31 16
44 58 10
85 81 17
49 60 11
48 20 14
2 82 2
92 103 2
72 6 6
58 12 9
9 101 10
75 83 7
81 1 14
51 56 17
10 100 12
81 85 11
59 44 16
100 61 14
59 76 14
21 83 3
47 95 16
43 24 6
53 13 12
23 95 16
22 47 11
81 96 12
81 13 15
43 41 14
22 21 7
90 1 14
19 96 11
2 75 16
15 51 14
40 2 16
44 71 7
94 86 14
72 56 5
89 38 15
99 94 8
63 67 16
93 41 5
36 33 4
95 52 11
44 63 10
74 97 19
42 19 1
23 30 16
92 30 14
83 96 18
69 55 16
91 21 5
102 96 14
25 21 7
76 78 5
6 56 22
99 83 6
82 11 9
97 10 0
3 97 16
84 69 2
44 64 2
100 86 16
102 18 10
23 39 9
17 80 6
56 72 1
63 41 0
73 60 3
30 32 0
81 9 6
99 91 1
40 26 5
43 91 14
35 45 16
12 22 0
62 100 6
42 96 11
101 62 14
4 103 16
89 34 7
102 90 6
90 59 6
87 72 16
45 37 17
25 16 14
43 92 8
37 5 2
14 8 7
7 21 11
49 40 16
6 72 16
12 19 11
30 10 1
100 3 14
50 67 3
55 28 1
66 89 9
53 76 9
47 28 0
84 74 16
30 36 16
91 42 11
80 51 12
99 50 11
49 42 11
5 50 3
30 100 12
25 82 6
81 87 16
13 67 16
63 57 14
36 11 4
79 12 9
44 24 7
38 69 5
54 22 14
91 58 9
9 77 10
85 79 10
69 85 13
66 103 3
31 3 16
28 45 11
42 84 7
10 41 20
53 71 10
52 68 10
16 98 20
31 38 10
68 20 12
39 4 5
70 13 13
44 87 14
52 79 16
73 90 6
11 77 7
36 94 16
58 49 9
75 66 0
82 65 14
12 0 14
103 23 3
26 19 16
16 40 19
72 102 14
101 59 10
19 65 0
86 8 11
79 18 6
23 76 11
39 64 16
69 89 1
93 94 6
29 39 7
94 80 4
53 75 16
37 78 12
47 66 14
46 30 9
11 14 4
102 47 16
52 90 16
56 13 1
67 71 3
21 70 16
27 6 3
0 61 16
63 83 6
45 61 5
36 103 4
54 91 18
3 21 6
17 102 9
4 1 13
25 54 6
61 38 16
42 94 2
69 59 7
96 61 5
63 66 14
39 96 1
78 69 2
28 17 6
8 20 16
21 85 9
66 96 13
47 14 5
3 28 1
101 91 18
27 36 12
25 39 7
25 3 19
65 11 2
61 80 10
32 77 10
7 14 12
62 16 14
88 102 13
35 71 16
42 7 5
43 56 2
41 37 5
5 100 7
26 1 9
27 89 16
67 92 14
2 57 8
20 66 0
86 73 13
91 81 12
70 43 5
26 2 16
1 28 18
12 85 0
89 19 14
99 47 9
45 65 9
51 48 17
89 55 14
70 82 12
93 66 13
80 21 5
61 68 2
9 69 9
0 85 20
16 36 6
22 54 16
103 31 10
52 8 4
15 44 16
15 102 1
13 98 19
91 32 16
17 12 6
50 52 4
0 31 10
68 30 17
76 102 14
65 18 6
64 88 16
66 71 8
36 98 0
2 14 12
54 48 16
75 21 16
41 78 9
40 15 9
5 22 14
26 51 20
71 9 4
98 21 11
36 43 4
33 35 1
55 53 11
29 67 16
100 24 6
79 73 16
81 41 0
23 20 8
28 92 9
33 72 13
84 79 10
72 88 9
87 5 15
25 51 11
97 15 0
40 3 16
12 53 15
80 91 1
16 25 14
84 90 10
24 96 1
28 14 12
70 84 21
27 101 18
75 44 13
12 97 14
36 19 12
46 78 3
2 70 6
60 16 13
0 34 7
26 13 14
100 88 16
70 68 7
78 75 13
8 48 9
48 47 10
53 14 9
55 32 14
7 40 14
79 42 12
13 43 6
76 31 3
84 13 1
93 38 16
4 93 11
10 75 9
99 60 1
30 28 13
49 17 6
14 10 14
65 79 10
102 82 10
77 51 14
40 57 9
84 89 3
23 84 5
44 75 14
99 5 6
65 7 9
81 27 0
34 102 1
6 87 1
84 38 4
94 82 10
66 61 13
61 4 11
29 94 6
12 67 13
15 60 18
83 64 7
2 29 12
3 55 5
42 47 12
11 16 9
43 73 0
13 16 14
34 86 8
16 22 14
5 60 18
57 47 6
94 48 16
41 45 1
10 55 14
84 0 3
63 15 14
79 20 14
68 2 4
39 5 3
82 42 6
70 67 9
73 84 16
99 82 8
91 1 20
42 29 12
55 26 14
20 2 16
50 24 10
49 78 7
67 22 14
88 79 12
27 79 12
10 65 16
13 20 13
62 63 5
7 0 16
102 69 9
24 93 1
88 24 11
82 44 16
68 97 9
56 100 2
90 25 11
41 38 16
41 48 9
57 25 14
23 74 14
37 101 21
27 14 12
34 11 12
2 103 16
74 2 8
100 93 14
46 97 15
87 74 11
95 3 14
17 92 0
32 0 11
73 45 18
20 101 9
100 14 4
88 101 18
70 93 16
42 1 8
8 0 14
20 41 14
68 18 5
33 95 9
54 78 6
98 62 19
46 74 9
9 21 4
79 102 14
83 26 0
37 65 0
26 96 14
86 45 11
89 37 14
15 28 13
103 91 16
43 74 0
98 65 19
22 84 5
69 37 16
34 78 6
92 37 19
10 32 20
68 84 16
57 90 6
23 18 16
38 46 10
3 10 13
52 86 8
3 33 6
18 93 13
54 19 8
37 49 5
65 81 15
91 39 5
35 41 14
84 97 3
83 91 18
81 47 11
61 56 9
77 2 2
48 52 6
70 5 12
34 25 16
58 88 12
89 3 14
55 46 6
69 11 5
80 96 5
33 12 6
64 23 4
81 20 18
97 77 7
91 57 18
36 101 6
92 85 5
2 7 1
69 93 14
85 83 16
69 94 7
3 99 1
77 66 5
30 69 12
101 25 14
26 82 9
45 40 14
6 40 0
3 48 19
83 82 10
77 47 16
17 9 9
101 4 4
27 93 11
0 39 16
83 84 6
41 2 5
32 47 3
57 33 7
26 74 9
24 30 8
75 89 1
19 99 5
49 18 8
15 59 10
101 81 16
49 94 8
53 72 9
41 7 5
0 22 18
96 42 11
35 90 3
80 52 2
61 26 16
38 50 6
48 3 19
48 43 8
46 77 9
28 18 8
38 91 14
50 17 16
84 54 6
38 74 9
87 14 16
80 34 3
26 41 14
102 77 10
65 58 5
14 47 10
6 71 4
18 6 10
11 80 6
76 92 5
27 9 18
18 8 4
84 58 5
39 51 12
39 72 9
101 6 15
65 62 5
6 103 9
46 69 5
102 68 10
78 94 16
79 1 16
55 40 14
80 88 17
98 69 16
22 92 5
71 0 14
42 51 0
82 18 5
24 45 1
81 97 13
3 41 1
34 92 14
50 76 9
103 102 0
85 91 0
100 68 7
2 85 12
63 74 14
19 78 12
58 2 12
101 5 5
27 76 19
67 32 0
52 85 14
91 53 5
97 94 7
49 21 15
16 15 1
11 66 0
90 31 4
87 31 9
44 95 16
32 58 18
79 90 10
51 89 18
43 37 14
43 13 13
41 10 20
67 88 18
53 64 16
101 47 16
79 31 2
56 36 10
34 45 8
89 12 16
72 90 10
32 10 1
57 24 3
10 76 16
41 0 16
36 74 14
84 23 10
45 51 9
91 62 9
7 17 6
41 76 9
41 32 14
55 58 12
27 77 2
55 39 10
34 21 4
82 32 0
16 44 14
59 50 6
93 49 15
75 60 14
24 73 3
31 15 9
60 89 16
89 13 3
67 15 18
31 57 9
40 86 16
41 86 5
41 72 19
42 0 16
26 62 14
40 31 15
33 1 0
8 50 10
29 3 19
11 88 16
45 96 5
41 31 16
76 4 12
66 36 16
1 97 9
25 88 12
87 8 8
79 6 6
2 19 1
102 28 14
67 75 19
70 81 3
25 69 8
10 23 6
80 46 16
101 84 6
16 20 0
76 89 13
89 65 3
86 94 2
99 103 16
46 9 9
93 7 11
37 45 11
33 44 13
90 83 16
18 94 5
55 60 11
61 100 16
33 97 11
0 41 14
27 25 19
54 3 13
72 18 6
18 90 6
66 59 11
36 92 1
36 28 0
27 35 16
96 33 16
91 72 19
87 78 16
67 52 15
11 33 10
66 77 10
18 82 10
5 34 15
55 31 6
100 73 12
50 35 14
33 71 6
36 100 4
41 11 16
85 54 6
43 62 13
47 15 14
94 9 5
91 3 17
0 32 11
8 55 17
46 83 9
63 52 6
41 18 6
23 78 17
9 11 9
103 10 0
100 57 9
47 96 1
69 76 8
3 66 13
20 82 7
19 6 3
87 46 9
98 37 5
14 56 10
21 4 17
25 35 13
32 25 20
39 71 10
0 23 3
70 32 1
101 86 8
19 54 18
75 11 10
102 79 16
7 42 10
85 29 1
0 38 15
84 103 16
68 35 9
33 23 4
38 84 4
9 45 18
63 55 12
27 54 18
75 28 14
85 56 10
28 52 18
103 44 8
62 66 14
47 48 5
40 23 6
41 52 2
98 29 9
63 72 1
38 11 5
51 58 17
66 92 16
79 57 16
65 100 6
21 94 4
7 63 12
69 97 11
91 67 13
89 33 10
48 44 5
10 20 19
49 75 16
32 87 0
57 71 3
68 48 14
98 96 1
94 62 16
11 42 16
7 49 17
34 50 4
72 76 17
13 96 0
74 25 16
96 62 18
53 29 9
61 60 5
54 85 16
78 25 5
87 6 5
34 67 15
26 20 5
1 15 1
69 16 9
8 14 9
97 23 3
20 8 6
77 43 9
31 73 0
77 86 14
10 86 14
15 99 13
85 23 11
66 5 15
90 89 3
64 13 8
10 56 16
90 74 16
28 60 1
44 93 0
61 11 16
71 92 9
2 15 8
12 78 7
99 45 11
24 28 5
12 72 0
103 62 3
101 96 18
52 46 12
82 55 14
91 41 5
3 7 1
97 65 3
34 27 13
33 0 1
103 49 16
18 73 5
73 102 1
4 87 3
60 54 18
12 26 16
37 96 11
80 77 4
37 14 12
13 9 6
11 1 0
5 83 10
43 0 1
74 15 1
101 77 10
8 71 10
27 1 18
97 9 7
55 74 13
61 36 9
81 103 2
65 98 19
35 85 20
25 81 17
32 76 20
40 52 12
21 73 8
103 68 7
15 30 5
32 15 9
79 83 6
3 18 8
65 56 5
9 16 1
37 100 6
45 25 9
23 57 14
77 60 13
5 24 4
63 97 8
59 43 9
92 34 6
11 55 16
94 51 14
27 102 13
35 5 9
55 52 16
34 96 3
69 68 12
96 63 9
81 88 7
26 69 5
62 96 0
80 26 16
81 11 3
41 59 8
25 49 19
39 99 5
21 20 16
27 67 13
83 22 14
89 8 6
63 80 7
39 81 9
96 22 9
83 40 0
22 33 6
83 100 7
34 33 12
30 103 12
70 7 16
1 30 5
28 8 11
80 93 5
58 43 2
62 58 5
61 32 16
79 84 10
77 99 8
21 32 16
28 36 9
74 87 11
22 85 5
84 12 12
79 93 0
90 71 12
92 97 13
96 3 11
37 97 16
54 65 14
29 21 7
11 81 3
45 2 17
27 86 1
39 76 9
67 85 14
95 12 6
55 6 3
97 7 14
7 96 11
1 54 10
2 11 6
57 17 7
82 70 12
12 74 13
10 71 3
42 68 4
43 100 10
36 10 14
60 80 10
84 55 9
42 27 5
27 83 6
55 19 1
47 56 5
36 40 18
13 82 16
24 101 3
36 71 7
75 15 0
41 21 10
47 82 6
95 89 0
102 62 16
28 2 10
2 47 12
102 32 19
10 81 6
32 64 5
70 44 8
22 86 19
29 35 20
6 98 13
71 90 12
73 57 5
4 48 12
46 89 15
33 41 14
85 92 1
30 31 7
33 93 14
97 8 16
87 21 8
71 97 14
9 23 6
43 12 6
87 81 16
75 81 2
79 99 9
84 20 13
82 93 18
53 37 17
102 71 8
47 58 5
86 67 18
47 4 12
22 53 7
98 50 10
101 22 14
1 86 18
24 32 16
50 4 17
18 43 9
60 45 1
92 17 3
3 12 5
85 46 3
0 33 10
66 50 8
49 65 0
2 0 16
99 53 10
70 51 18
6 14 6
86 75 16
46 62 8
89 20 1
64 38 10
100 101 9
55 38 6
79 16 16
3 87 18
57 26 0
7 74 13
94 2 6
53 3 17
69 64 10
29 45 0
34 2 2
93 88 11
93 48 9
19 60 11
51 102 16
75 79 3
6 99 13
91 29 9
28 80 10
14 24 7
34 100 12
48 102 14
102 15 5
95 47 16
46 8 6
6 86 3
24 86 11
25 68 6
97 49 16
69 9 7
89 56 2
76 46 3
11 51 18
35 10 0
9 85 16
84 10 14
58 68 6
26 4 16
86 85 19
8 33 16
46 56 3
34 20 12
21 44 9
92 101 6
80 32 16
28 56 9
30 79 6
75 74 0
23 83 6
49 81 12
24 10 3
97 72 13
14 45 0
83 59 10
47 77 6
80 12 15
58 84 10
52 20 12
68 56 6
42 41 1
95 96 18
83 79 16
28 24 10
42 80 11
98 48 9
39 28 5
12 88 11
2 28 5
100 21 6
70 22 18
51 27 9
32 97 11
62 54 16
13 51 1
98 101 2
71 3 17
88 75 16
103 21 16
5 47 16
78 47 5
13 53 6
96 41 5
70 25 13
87 51 16
54 26 12
69 80 6
61 65 9
48 62 1
57 11 7
89 64 10
25 41 0
7 87 3
48 45 0
3 85 19
73 28 14
69 65 13
81 90 15
81 30 14
58 51 11
101 79 6
8 12 15
19 64 6
66 82 10
29 17 18
6 96 18
28 79 7
14 71 7
77 53 4
78 55 12
97 6 12
0 25 20
77 58 16
85 99 19
58 73 14
29 13 5
16 33 7
96 102 13
47 27 12
10 40 19
40 77 12
101 54 10
60 69 16
94 60 13
66 24 8
81 98 0
76 51 11
86 59 18
23 38 4
51 50 12
8 10 8
93 10 13
44 28 19
2 102 13
88 6 3
91 61 5
91 75 16
22 36 5
27 64 6
74 47 16
15 84 6
19 87 3
30 89 9
68 76 14
99 46 6
56 93 0
19 24 11
101 44 14
13 41 0
88 2 10
18 74 11
87 94 5
76 0 18
39 21 10
41 20 16
47 0 8
65 50 7
95 41 3
64 73 12
28 35 16
59 52 10
27 96 11
78 79 10
73 23 6
82 39 4
58 4 12
75 45 16
83 95 5
77 17 7
78 22 1
103 52 7
47 80 7
62 93 0
66 0 9
101 15 1
55 85 19
12 15 13
68 66 5
53 7 17
89 80 6
101 66 1
44 8 7
32 38 10
2 25 12
103 27 14
84 39 7
13 6 6
82 6 10
2 91 11
72 63 5
62 71 12
77 30 17
82 53 3
94 39 4
43 84 2
97 91 16
74 66 1
81 55 0
28 96 1
45 93 5
18 34 5
83 77 10
31 72 8
95 87 15
8 18 4
69 74 12
15 67 5
7 39 10
72 33 8
29 42 12
15 77 10
70 64 5
61 86 17
18 91 13
38 60 14
76 21 7
59 15 5
98 40 14
20 100 5
101 69 9
94 20 9
89 96 14
74 42 8
69 100 10
95 90 6
83 5 5
11 45 14
7 93 14
3 89 16
63 82 6
84 31 4
100 79 2
66 72 14
75 6 7
77 40 12
23 36 17
20 80 6
60 1 20
66 74 5
48 41 0
36 21 9
96 50 5
17 89 15
96 7 11
47 88 12
71 50 5
22 99 9
73 79 6
80 67 3
32 71 6
74 10 1
63 81 11
74 103 12
64 76 8
16 29 14
41 35 16
38 58 3
34 58 16
99 0 16
26 73 9
79 35 8
18 52 10
62 10 14
50 55 17
78 16 16
23 64 4
59 29 14
98 87 3
5 40 12
5 99 13
5 35 0
48 99 0
64 43 10
92 80 7
96 35 16
72 38 8
4 100 6
83 44 14
84 43 2
30 80 8
90 50 12
39 53 10
30 45 13
80 84 12
70 57 9
37 76 19
22 48 5
90 88 9
61 98 5
82 64 9
57 75 9
88 51 0
96 23 12
21 57 3
0 78 8
57 39 3
99 24 10
79 89 3
98 73 20
36 3 12
46 37 16
103 69 10
103 58 4
72 69 8
76 30 14
48 15 14
6 48 16
61 47 9
99 85 19
74 34 11
6 42 3
98 56 9
94 7 14
64 92 13
4 61 11
70 66 0
73 6 11
35 49 16
52 74 17
52 4 4
7 35 16
52 65 16
12 38 16
22 30 16
67 34 11
37 87 18
82 22 14
49 56 7
36 95 16
4 37 1
13 22 1
48 53 7
22 25 11
27 87 3
87 45 20
5 74 1
58 31 2
59 45 13
37 4 5
21 50 5
99 63 9
4 68 4
53 9 4
30 26 0
72 93 19
29 32 13
16 28 13
96 43 16
16 64 7
94 37 8
11 32 1
94 103 9
53 8 5
67 79 6
80 6 4
81 76 11
35 34 7
8 37 17
12 16 13
66 27 13
38 63 3
99 100 6
47 100 2
67 46 7
83 15 1
73 32 19
55 27 5
100 44 13
22 101 16
58 13 1
102 73 5
6 102 5
97 45 16
72 20 20
26 18 9
35 92 20
47 59 16
44 36 10
98 44 9
31 30 0
64 34 12
61 6 18
74 48 16
27 95 13
98 27 1
58 97 8
95 38 7
32 29 14
49 20 14
89 66 0
24 0 14
3 83 2
27 39 10
59 51 14
15 89 9
35 27 14
92 91 0
42 49 1
47 84 11
29 71 7
12 62 0
89 85 13
103 2 6
86 102 13
83 94 10
89 50 6
90 4 9
24 92 9
34 101 10
12 28 11
41 30 18
12 47 12
79 7 12
63 9 6
0 87 0
64 57 9
83 61 18
18 35 9
81 36 11
101 82 10
20 46 10
91 22 9
41 83 3
58 62 1
33 42 16
81 49 0
82 0 9
46 42 6
86 82 2
26 98 16
76 11 2
17 31 15
42 71 11
13 54 16
42 35 16
79 41 0
86 78 12
8 77 4
8 40 16
101 64 9
94 8 4
97 103 10
72 61 0
38 100 5
37 92 19
20 59 7
22 79 5
12 95 13
15 81 16
74 86 20
83 6 15
8 35 14
97 12 16
51 65 5
68 73 5
98 47 9
20 22 13
85 9 6
39 25 9
98 49 17
57 64 7
74 4 8
91 4 11
25 62 1
85 72 1
19 14 13
92 76 1
85 48 1
101 97 9
7 95 13
23 68 6
57 95 5
97 81 6
32 13 20
22 56 5
68 45 8
72 78 17
61 64 16
45 36 9
28 50 11
98 31 16
96 78 9
18 28 8
38 22 13
99 56 9
19 1 18
24 2 11
74 7 13
87 37 18
49 3 1
9 14 16
11 63 21
97 70 10
103 16 0
10 3 14
84 6 6
30 15 1
56 53 7
21 95 3
30 72 14
88 67 8
64 95 9
19 7 5
65 5 16
61 93 1
58 3 12
52 99 18
16 3 13
65 3 9
93 75 16
90 48 11
42 15 8
50 12 15
85 31 16
85 62 1
52 75 12
28 51 0
29 63 5
67 73 11
96 44 9
59 17 12
67 39 3
72 41 19
6 21 4
5 12 2
18 76 14
76 70 8
101 40 12
14 61 0
67 90 16
54 87 11
66 44 16
57 16 5
97 51 18
47 65 5
80 41 5
3 67 13
79 94 6
55 78 12
53 5 23
7 70 6
93 3 11
14 87 14
96 1 20
52 41 14
11 69 10
70 46 10
60 14 9
83 66 1
64 35 5
73 96 3
84 25 1
32 82 9
3 65 0
60 62 9
29 56 5
82 87 1
58 80 7
101 95 5
49 88 11
30 24 8
80 40 14
15 71 3
67 16 1
3 4 5
69 62 13
17 73 9
64 27 16
0 66 0
73 26 0
4 50 11
42 32 14
95 46 7
68 57 17
78 34 16
62 59 16
12 27 11
58 65 1
30 44 16
28 99 5
59 78 6
74 53 8
64 33 10
96 89 16
20 28 16
59 101 5
16 27 20
3 68 8
101 92 16
79 24 7
67 10 11
45 23 12
14 75 8
79 101 16
45 21 5
91 55 17
67 95 1
101 31 7
80 86 17
56 28 0
75 33 10
25 5 6
80 70 6
93 2 11
32 27 16
80 16 3
6 33 9
86 50 11
62 57 16
10 67 17
85 102 14
60 96 1
11 8 6
43 36 2
4 51 0
24 31 16
2 74 8
56 71 7
20 53 6
17 24 6
4 29 12
27 5 6
93 37 11
11 62 13
69 54 7
85 38 3
82 33 9
49 70 6
47 91 0
72 77 6
10 61 3
38 57 9
91 59 2
42 17 6
16 4 8
62 8 7
63 89 13
45 102 18
95 5 10
65 87 14
69 45 14
66 22 14
57 36 6
61 81 12
93 70 6
62 67 16
20 65 13
28 47 9
0 71 16
54 70 7
80 90 12
23 34 16
19 94 2
94 87 1
77 9 5
87 1 5
88 85 12
6 17 7
86 103 16
52 21 4
4 32 14
40 64 15
13 4 9
15 62 14
71 45 1
44 91 0
47 72 1
90 101 16
38 82 9
38 55 16
67 64 7
79 65 1
25 89 14
86 65 0
4 74 13
62 22 1
43 83 9
3 45 11
67 41 3
103 41 14
51 47 17
32 100 5
5 10 15
69 35 1
46 92 3
14 51 11
100 16 9
57 67 5
35 29 20
67 23 16
63 2 12
16 59 11
9 65 14
19 67 13
91 11 16
6 64 9
21 103 6
63 75 13
15 94 10
70 80 16
38 7 16
77 94 10
72 62 1
68 8 4
38 67 9
26 95 9
26 91 14
71 33 16
20 0 1
16 42 8
17 23 4
90 15 16
46 67 3
23 81 15
16 75 19
87 7 3
11 76 8
44 86 19
5 53 4
76 2 12
84 5 5
98 5 18
19 88 5
9 64 9
47 68 16
54 58 16
54 93 18
100 1 0
101 39 3
35 7 14
83 69 7
42 62 0
86 88 5
10 59 11
98 13 19
43 77 7
72 44 5
86 10 13
101 67 5
61 19 17
22 20 14
94 0 9
93 99 5
59 64 9
16 34 15
18 99 8
91 70 6
93 47 9
4 81 9
21 33 16
33 79 2
66 65 16
37 98 5
3 42 10
59 3 14
69 38 10
75 56 2
28 63 9
83 56 6
7 83 6
10 7 14
65 67 16
29 43 8
56 5 16
31 20 1
76 41 0
56 91 0
34 31 9
35 22 18
24 52 2
63 34 6
69 15 0
37 23 7
42 14 12
7 27 5
77 56 16
44 57 16
32 94 12
65 24 12
41 51 19
42 20 14
72 11 8
4 27 5
36 23 11
52 58 6
13 84 5
17 29 8
22 73 16
85 89 14
38 47 3
66 70 9
84 53 12
27 30 13
41 29 9
84 66 14
66 9 5
1 85 16
60 51 9
32 52 7
35 87 0
99 20 14
99 33 6
69 61 14
68 12 3
38 41 14
37 43 16
68 25 14
34 49 8
20 95 9
93 20 16
37 93 11
81 31 3
1 25 16
3 20 14
68 24 21
67 11 7
41 87 18
27 24 11
85 28 19
59 34 17
29 40 13
90 43 3
26 78 6
93 23 12
98 82 8
88 9 18
77 19 14
96 57 18
15 70 7
56 54 6
57 56 6
34 103 9
23 19 9
26 88 16
49 89 16
83 55 13
8 51 12
61 102 14
98 24 10
102 24 8
17 25 3
95 8 3
16 14 6
16 79 6
8 102 8
17 36 4
72 89 18
50 23 12
59 4 18
26 22 13
77 92 16
95 74 1
85 6 6
10 49 14
96 52 2
33 3 16
7 12 17
22 27 19
87 38 9
45 43 6
24 21 10
90 13 5
51 37 9
82 97 9
34 12 3
59 30 17
50 10 18
35 73 0
0 24 16
75 52 12
45 92 9
93 31 16
81 52 16
0 3 14
78 14 5
72 75 18
42 78 12
22 9 16
35 64 10
34 8 4
77 76 14
54 100 7
41 75 16
30 56 16
50 93 1
15 32 0
55 75 16
91 83 18
14 98 0
0 76 20
82 90 6
59 47 6
19 66 13
67 61 3
85 80 7
4 59 4
83 27 13
86 18 2
93 97 14
22 10 16
47 5 6
98 8 10
84 100 2
64 22 13
64 101 9
98 25 9
96 28 5
58 0 8
23 103 3
27 49 17
1 64 9
71 12 15
69 32 1
80 19 17
78 1 14
67 56 6
48 16 16
72 50 7
46 70 5
48 87 14
76 18 16
68 46 12
50 48 9
51 13 5
92 100 2
1 99 18
77 96 8
15 46 7
0 68 7
5 98 13
14 88 12
66 41 13
96 81 12
29 11 2
19 35 16
103 74 12
96 47 9
14 93 0
47 21 7
34 63 16
32 101 9
48 29 1
67 84 6
59 19 17
103 28 14
3 75 16
41 90 12
42 66 13
33 19 16
50 44 9
18 81 16
97 62 3
14 52 6
101 56 6
73 85 16
94 102 1
103 84 3
97 90 3
19 22 19
2 40 14
91 77 6
59 94 17
33 53 6
77 0 9
65 59 16
55 87 18
64 1 0
16 6 15
22 6 6
84 24 12
86 38 6
23 65 5
101 42 4
30 68 11
30 65 14
60 97 14
37 57 14
95 35 0
80 85 9
77 80 4
42 21 11
65 17 2
27 103 16
43 51 13
63 95 16
18 54 5
40 17 5
101 90 6
43 40 15
30 8 3
42 16 8
93 24 5
77 28 8
53 36 9
99 78 9
65 30 16
56 2 12
44 54 6
39 10 8
56 35 8
19 41 1
34 83 10
6 91 18
79 95 16
95 85 14
61 87 18
24 69 16
91 99 5
36 60 0
101 57 1
87 57 11
39 98 5
32 74 9
58 27 12
69 60 14
9 39 4
25 1 14
94 50 4
41 28 5
0 49 16
52 98 8
95 101 10
71 74 8
86 87 3
91 102 14
5 77 15
18 72 16
78 101 6
8 78 9
83 24 3
58 102 14
26 8 6
22 2 12
43 55 14
87 58 16
73 89 9
66 10 1
35 8 16
54 14 16
14 0 8
26 48 13
74 13 14
37 102 13
34 61 3
47 89 13
59 74 15
66 79 6
84 1 16
19 79 12
67 0 0
17 74 12
45 77 8
58 5 16
67 49 13
50 31 16
75 95 9
29 34 6
65 75 3
71 79 9
92 87 14
89 51 18
94 34 5
43 80 6
78 44 5
82 10 5
61 15 18
21 31 16
28 73 13
28 74 13
28 12 17
66 102 1
51 41 19
102 8 8
90 26 8
81 28 0
58 70 4
48 82 6
82 23 6
18 32 12
90 68 6
14 22 11
51 23 10
58 52 6
91 14 9
99 101 6
21 66 8
40 95 19
59 82 5
57 81 16
21 55 17
95 37 14
99 102 13
16 32 0
57 61 18
75 3 14
87 85 16
48 85 1
82 4 6
72 47 5
26 37 16
22 17 8
51 91 0
28 66 20
84 35 3
22 41 0
84 62 1
75 16 19
48 25 5
14 20 8
5 88 2
79 67 16
103 70 10
2 100 6
24 54 3
91 90 12
63 100 2
8 60 1
60 41 5
95 10 15
42 22 12
24 72 9
35 81 6
51 14 17
21 89 14
3 39 10
45 60 5
92 94 6
35 67 9
10 8 8
68 75 12
7 5 6
26 93 14
92 90 10
15 83 5
77 59 11
54 92 16
92 36 10
5 96 18
100 75 5
48 83 16
100 7 16
29 101 16
19 27 5
64 87 0
44 6 6
73 12 3
87 34 11
19 32 14
37 6 3
20 78 2
75 70 11
49 63 7
88 98 5
13 80 12
47 3 12
49 87 18
43 72 13
65 38 2
0 19 14
42 46 16
6 66 5
70 58 4
61 57 18
101 26 12
30 1 1
52 70 9
30 73 1
84 77 6
9 15 1
74 9 10
63 0 8
40 48 18
43 68 7
62 21 7
43 30 0
97 95 9
82 58 16
68 27 8
64 81 3
83 60 18
98 99 1
101 33 7
31 70 10
11 23 4
57 29 14
97 74 19
2 36 12
89 101 7
102 56 16
80 9 4
53 52 2
77 91 13
49 96 15
99 40 14
33 94 7
88 45 11
0 4 6
92 25 5
101 50 3
35 6 7
103 67 9
57 7 14
9 59 10
52 29 16
54 10 1
37 19 5
87 76 16
28 55 5
18 47 16
95 7 13
4 38 6
44 50 7
77 57 5
36 57 16
70 55 16
59 14 6
33 46 10
68 41 14
98 61 1
103 35 5
60 82 18
17 35 15
34 68 10
44 30 14
13 18 6
74 28 13
55 103 16
34 55 8
42 4 5
52 24 21
28 25 19
91 80 5
76 100 2
73 38 7
15 87 11
82 37 14
82 76 16
83 99 13
98 51 0
0 98 14
89 25 13
48 21 7
23 97 3
64 94 7
83 39 3
42 98 1
21 39 5
61 69 16
24 60 5
63 27 12
15 98 18
39 91 1
30 43 9
48 94 6
43 52 7
27 84 7
83 46 7
32 63 18
56 31 2
39 77 4
84 85 1
33 11 5
4 92 12
74 56 16
92 88 12
20 89 1
101 29 14
22 5 16
79 29 1
1 29 14
19 71 11
97 11 11
83 51 16
22 0 18
23 53 12
48 30 14
5 59 11
94 41 13
83 54 10
49 59 18
65 68 6
93 33 16
85 14 5
18 59 11
32 6 7
21 16 3
75 85 13
54 62 14
99 55 5
76 59 16
90 38 4
3 14 12
90 46 4
91 37 17
53 48 9
78 60 0
82 78 16
44 74 14
102 6 10
45 62 9
68 82 17
54 12 2
11 59 7
51 74 16
102 17 7
36 61 0
36 63 10
101 19 8
31 58 2
26 103 17
52 39 21
30 87 11
26 28 16
70 103 5
87 64 9
12 94 3
85 52 16
30 77 11
48 14 5
1 79 6
48 81 17
82 40 12
89 60 14
40 75 17
7 30 13
92 79 10
90 36 11
17 98 16
95 94 15
10 29 16
86 3 1
38 51 18
96 9 16
5 57 0
75 19 14
85 26 13
86 24 11
43 4 6
7 16 13
27 97 16
42 38 6
21 58 9
29 16 16
28 48 9
63 90 11
58 18 6
2 43 6
37 9 21
44 98 0
73 80 3
52 5 17
78 84 11
83 38 7
50 91 1
61 17 16
10 6 11
48 34 6
8 13 9
69 72 8
102 88 6
25 79 10
45 89 14
80 47 9
38 70 5
10 69 12
30 13 14
53 31 16
68 96 14
85 36 10
58 38 3
83 103 9
23 49 12
89 78 2
80 83 3
79 85 1
40 21 6
94 65 16
8 103 6
68 63 6
73 3 14
82 25 16
7 6 3
84 81 16
56 75 13
53 33 16
97 63 8
94 40 12
93 9 18
50 57 3
100 30 12
62 6 6
60 30 18
64 55 16
39 44 9
37 48 19
18 33 9
1 57 5
86 47 12
23 89 3
96 54 18
36 64 4
86 63 12
6 43 9
13 32 20
38 42 16
88 76 12
5 95 5
73 99 14
73 15 5
89 47 2
6 18 5
61 48 9
84 78 16
44 61 0
30 51 14
52 96 14
55 98 1
92 26 13
60 78 9
98 10 20
3 56 12
21 38 16
89 31 10
59 18 17
20 67 9
68 62 16
78 56 5
28 20 14
46 76 3
12 43 6
40 74 9
93 69 16
23 55 9
31 93 14
27 94 2
89 52 12
42 60 11
84 88 3
60 36 9
29 77 6
83 7 13
85 57 16
32 33 5
81 66 16
44 83 16
60 59 2
78 37 12
56 85 5
87 90 16
89 67 19
10 24 3
44 68 16
74 68 11
4 11 6
74 57 5
29 15 16
28 5 2
31 37 16
71 39 5
25 84 10
65 32 20
102 10 5
59 36 6
86 76 19
103 75 1
36 46 3
39 9 2
44 23 11
18 56 16
2 39 10
99 81 9
56 81 11
15 88 18
76 1 14
32 30 9
15 100 7
1 10 1
86 15 18
88 73 13
78 43 2
42 102 13
81 62 15
69 58 7
14 72 1
51 90 10
42 101 4
98 38 6
47 85 5
89 61 14
33 98 14
7 79 12
75 100 10
89 29 13
91 95 18
58 71 7
48 26 14
37 0 16
50 15 3
33 31 10
59 31 12
74 100 12
24 42 11
54 73 1
26 33 5
3 30 13
34 74 11
17 13 13
1 18 10
60 100 16
34 0 9
89 5 9
46 80 6
100 48 13
2 46 16
63 101 6
32 61 14
65 1 14
57 52 11
49 100 6
55 54 5
23 62 5
51 30 16
93 57 18
30 4 8
55 22 0
85 76 1
84 37 9
84 21 7
65 54 16
24 89 16
31 89 1
53 47 9
4 41 1
101 71 3
65 101 16
91 71 5
55 90 7
68 93 14
56 60 0
63 48 5
31 27 16
83 34 10
16 11 7
87 12 18
65 53 12
55 25 19
98 41 1
91 50 5
57 50 3
39 13 9
77 101 5
54 11 7
45 66 18
2 53 11
58 86 12
84 17 2
92 42 12
24 38 16
18 0 9
88 14 12
87 80 8
93 68 2
54 1 5
39 89 16
6 27 3
97 99 14
76 55 19
57 55 20
98 95 18
68 33 12
60 63 9
103 24 16
55 57 13
1 95 15
47 37 12
90 19 9
41 63 9
16 63 6
20 56 2
85 69 2
8 1 8
65 35 3
9 40 12
4 97 16
67 77 11
0 95 9
41 71 10
12 82 3
81 72 11
78 4 4
53 61 5
37 61 11
33 32 1
34 89 9
32 95 9
6 84 22
79 39 7
94 99 8
1 43 12
77 100 9
78 24 7
34 18 10
50 25 9
67 45 18
45 42 17
4 72 0
16 51 14
82 71 4
41 44 9
79 58 10
10 33 12
31 34 7
32 23 2
98 12 17
34 82 10
34 7 13
101 43 7
76 35 18
41 74 18
97 3 14
53 57 3
17 43 11
37 8 11
6 88 3
35 2 6
88 21 11
46 36 3
50 13 9
0 27 14
29 46 2
91 68 2
0 69 10
57 70 7
59 23 16
39 67 3
39 63 9
31 11 5
37 20 14
58 98 0
62 90 10
23 102 16
29 26 13
11 13 13
35 82 7
54 7 8
75 35 5
31 91 14
97 0 1
25 10 14
98 64 16
64 49 14
43 15 9
65 10 14
99 70 6
45 47 9
99 27 5
78 3 12
35 79 8
11 97 11
73 58 16
76 73 14
69 81 3
101 38 7
39 69 16
8 7 17
60 26 16
35 74 20
25 90 11
20 99 16
69 12 6
5 82 15
39 68 2
101 83 5
38 75 15
80 17 16
27 69 6
17 2 22
54 27 8
38 94 9
48 57 16
3 31 6
26 83 9
101 75 9
23 80 12
73 76 16
49 93 11
11 52 12
3 101 2
97 33 11
68 51 14
79 98 12
52 88 12
64 59 7
61 49 15
89 42 6
24 83 3
50 19 17
9 31 9
22 57 16
99 13 0
92 46 3
11 6 7
14 37 12
12 18 3
43 54 9
86 101 8
30 55 13
58 101 6
39 17 6
32 88 16
18 75 9
84 91 0
51 12 9
23 37 9
18 49 8
98 70 16
70 41 16
21 97 14
96 77 2
11 22 13
62 14 5
100 63 2
44 49 9
41 17 6
14 31 2
80 68 2
56 59 16
71 94 4
44 14 5
81 70 3
66 25 16
62 0 3
96 24 5
60 15 18
68 31 9
45 28 17
103 65 3
88 31 6
55 65 0
59 49 18
19 48 19
98 34 8
28 65 0
73 31 9
44 15 14
61 89 16
87 95 15
13 24 12
6 35 9
46 66 9
46 59 9
68 85 14
100 97 11
38 2 16
8 66 8
15 2 18
3 13 0
103 6 7
92 50 7
62 37 9
75 54 7
101 11 9
9 52 15
100 70 10
7 25 19
5 61 18
88 95 14
85 67 16
23 15 14
100 12 16
25 37 19
59 10 17
39 59 4
25 74 14
64 12 6
25 58 10
45 22 19
13 95 16
61 13 9
88 0 16
85 73 14
53 54 23
74 65 14
97 19 14
6 26 9
13 64 2
73 11 12
79 66 16
45 103 6
26 38 5
36 12 9
5 75 0
58 25 5
72 22 11
35 54 7
102 31 9
88 12 17
11 4 16
64 74 12
83 80 3
1 37 13
17 11 15
8 16 3
57 82 10
52 25 14
4 47 12
50 68 4
60 67 13
21 99 17
1 73 1
16 21 3
85 32 13
8 15 3
70 36 4
30 52 11
28 32 14
34 46 7
73 16 15
26 70 5
0 35 1
103 29 18
26 43 5
85 93 0
19 29 19
37 36 12
61 30 18
4 52 4
56 79 10
42 79 12
22 42 12
23 5 16
100 74 12
93 36 9
43 10 0
89 79 3
85 12 9
52 62 16
20 10 19
65 78 17
41 58 9
55 61 11
53 81 12
37 46 6
12 24 15
44 85 1
88 60 11
17 1 9
3 26 14
42 65 0
93 0 14
58 40 18
68 44 14
23 77 16
21 41 5
50 30 3
65 25 5
28 0 16
54 43 7
13 69 2
30 93 20
27 18 2
52 34 5
89 90 3
76 72 11
78 48 5
14 29 1
88 91 11
34 88 2
24 77 4
16 101 10
10 77 10
40 69 15
8 95 3
2 65 0
36 18 16
62 95 16
87 77 5
54 103 9
31 43 10
9 35 9
51 39 12
23 13 5
31 0 1
29 68 6
75 2 6
31 8 6
81 7 0
45 88 17
1 93 18
87 55 18
81 25 11
71 10 3
50 72 9
43 19 14
98 0 16
15 10 1
81 89 13
52 61 14
4 55 1
61 88 11
73 94 10
47 102 14
102 25 16
82 62 14
13 91 0
89 91 14
58 103 4
66 2 2
2 34 4
53 15 8
0 16 0
20 42 16
22 72 11
97 56 8
99 80 10
35 30 19
16 1 1
13 38 2
71 61 5
42 37 1
97 98 14
18 53 4
73 4 6
95 17 9
16 97 0
83 85 14
69 34 12
19 37 1
64 0 5
95 79 6
12 93 15
22 70 6
0 70 10
22 50 7
14 28 12
82 99 8
88 70 6
43 53 6
18 41 13
40 9 9
103 95 9
73 95 15
74 77 11
13 58 5
82 63 16
5 15 1
81 56 11
46 79 21
52 35 9
1 0 9
5 19 13
53 0 14
54 20 0
88 35 16
31 95 9
10 44 16
20 26 1
64 51 18
75 82 7
22 90 10
63 85 1
41 62 9
23 48 17
65 51 1
40 54 9
9 8 4
45 79 12
51 43 3
80 72 12
85 90 11
88 97 16
87 29 16
56 69 2
68 0 9
13 86 9
81 67 14
68 101 17
19 20 14
46 91 14
6 31 9
24 82 3
7 19 1
58 92 1
19 44 19
95 62 14
42 44 12
8 92 9
92 39 12
0 15 0
23 87 14
92 57 16
35 42 6
19 59 18
20 84 2
44 2 12
40 25 13
45 101 8
0 53 16
74 76 16
54 96 18
6 54 15
64 99 16
29 51 11
22 91 0
38 3 16
72 53 7
18 86 8
30 83 5
57 54 10
40 60 16
63 11 2
32 21 6
102 44 16
4 40 14
11 78 4
100 37 14
18 5 15
73 62 16
38 29 13
85 103 9
55 100 6
29 19 19
101 76 14
61 44 9
58 63 10
91 65 9
2 1 8
67 3 13
85 59 6
57 6 15
55 8 11
49 101 8
94 74 11
11 102 0
21 91 1
37 56 12
9 63 16
99 74 13
24 56 9
100 11 10
33 75 1
27 82 2
67 42 18
102 55 14
36 4 12
95 71 18
103 40 11
71 98 5
12 45 11
25 101 6
32 11 5
71 58 9
78 29 1
11 85 13
100 50 6
85 39 7
22 78 5
40 18 12
86 26 14
18 60 13
77 35 9
45 50 10
6 22 16
102 101 5
7 10 13
40 50 6
5 68 11
14 19 12
86 19 1
4 54 4
59 80 6
74 79 6
70 38 10
101 100 7
45 56 9
60 98 5
4 42 10
46 84 23
72 82 6
5 54 10
5 45 3
93 64 16
96 65 9
102 16 17
28 100 6
1 22 14
84 63 10
42 64 6
89 44 13
26 60 14
38 66 9
99 96 1
23 43 4
43 48 13
67 72 14
65 42 9
5 64 7
77 88 2
48 80 7
0 97 5
90 86 9
41 40 14
74 59 15
100 2 16
61 73 13
74 75 9
61 85 9
21 84 9
4 10 13
42 39 10
60 43 16
7 92 19
23 41 9
14 66 14
41 19 5
17 46 10
75 94 7
35 51 3
66 26 0
39 79 9
101 8 3
37 90 7
88 81 9
19 61 11
0 13 3
87 89 9
56 22 1
29 23 16
0 37 14
18 67 15
100 10 12
15 65 14
39 100 16
25 100 8
44 79 10
98 71 10
97 16 0
60 88 11
63 33 2
47 49 9
76 7 19
64 91 14
5 67 5
72 79 10
72 59 6
97 100 11
27 88 5
26 15 19
22 71 7
40 93 16
49 86 11
6 94 5
69 88 16
56 3 12
61 1 18
22 60 0
95 15 1
52 54 17
8 28 17
25 0 14
31 103 16
15 52 11
48 68 6
25 36 10
44 62 1
55 16 13
67 93 3
53 42 17
3 2 10
100 98 14
32 73 19
23 7 9
92 78 10
35 84 3
22 28 9
6 50 4
78 77 16
83 12 2
3 36 12
39 94 4
84 4 4
67 25 14
57 83 5
1 23 6
37 3 1
11 101 9
35 47 8
41 101 18
35 88 6
92 6 6
14 48 1
84 101 5
52 36 6
91 23 12
33 78 4
24 37 11
60 31 16
31 66 0
68 10 5
57 94 10
76 3 19
25 38 3
45 99 17
52 13 16
58 83 16
10 70 9
91 86 17
1 16 5
91 44 9
7 47 12
7 75 16
46 87 0
40 62 13
98 68 8
103 82 7
15 69 7
89 21 16
72 7 9
51 82 16
93 67 13
23 69 4
73 100 12
9 5 15
41 56 9
39 75 16
37 41 1
21 78 9
42 90 7
76 28 0
75 58 2
38 81 3
62 48 5
16 73 16
65 21 7
2 66 13
83 73 1
82 34 5
86 95 13
26 100 5
82 17 7
94 91 13
37 33 6
14 99 12
52 101 17
14 76 1
49 19 11
38 32 1
95 92 16
48 23 11
95 48 14
9 95 15
28 6 6
3 44 19
99 48 9
9 48 16
41 33 16
31 56 2
97 22 18
76 24 7
99 57 13
78 88 12
1 24 18
39 1 13
0 83 7
42 74 8
81 74 16
80 75 16
19 86 5
60 46 16
87 48 16
17 96 14
30 90 6
25 67 16
42 53 11
63 77 6
56 50 7
28 98 5
90 49 12
13 10 14
75 96 14
9 49 18
10 16 15
44 99 1
0 62 3
35 65 3
84 76 11
53 2 17
92 18 6
90 3 9
54 102 1
89 17 15
28 75 16
60 18 6
101 2 4
23 3 9
55 94 21
99 36 9
28 91 1
52 17 9
89 76 13
55 69 6
44 20 14
1 40 19
62 73 14
49 95 13
72 10 14
54 94 10
56 1 14
23 10 16
86 51 0
96 70 6
60 61 1
7 41 1
70 88 16
38 19 16
89 94 7
68 65 16
9 30 12
20 55 16
97 67 9
93 13 9
42 67 8
78 45 0
38 80 6
48 56 10
9 96 18
17 54 9
39 16 3
17 28 14
30 50 3
50 3 17
19 31 6
7 37 1
29 22 5
48 49 9
95 67 5
12 90 7
102 60 13
67 37 13
68 67 15
38 13 8
96 82 18
59 21 6
47 42 12
12 59 4
64 15 9
32 66 9
96 17 16
3 52 8
28 44 19
69 17 15
103 72 13
46 17 5
66 39 8
37 52 4
88 47 12
19 18 8
28 42 10
85 13 1
13 78 17
52 102 5
74 50 3
62 47 17
62 89 3
20 75 1
68 54 17
86 17 22
74 41 20
0 89 1
84 42 9
96 86 11
52 15 17
7 103 16
20 86 16
4 78 12
36 66 14
52 38 12
94 5 15
83 2 4
46 90 23
93 76 9
100 80 6
54 50 3
10 78 16
9 56 16
50 45 1
28 78 9
49 35 16
46 95 9
86 60 11
91 5 18
9 90 16
2 92 12
39 84 9
98 100 16
5 17 9
73 97 9
95 25 14
56 95 16
96 67 3
93 1 18
87 59 10
24 20 16
76 74 14
65 72 1
56 23 11
40 76 18
55 93 11
61 96 1
87 32 9
94 11 9
40 37 16
92 59 16
84 14 2
89 15 0
94 53 4
90 96 12
73 92 16
9 51 16
87 53 8
94 84 16
79 23 10
83 41 18
85 61 0
50 96 1
64 78 4
51 63 17
9 66 1
1 27 13
19 95 14
19 63 12
80 44 9
3 53 11
52 27 8
55 1 13
2 18 4
71 40 14
37 30 13
64 6 7
20 18 7
13 65 5
90 61 12
49 30 13
60 71 10
70 4 16
24 79 9
95 34 15
64 25 8
53 44 9
35 9 7
34 95 15
51 54 16
47 101 6
74 55 13
94 15 5
5 52 11
73 50 8
30 82 10
25 76 1
25 46 3
73 51 14
83 11 7
49 102 18
89 82 7
34 5 15
81 45 12
31 42 16
36 102 14
1 102 1
80 76 9
22 8 7
38 62 8
24 6 4
10 97 9
29 93 0
33 80 6
2 30 13
85 94 6
35 23 3
36 84 11
30 59 15
19 8 11
35 14 8
45 64 16
21 25 9
9 58 16
59 91 14
55 2 10
94 52 10
18 84 16
94 30 11
78 33 2
98 6 6
11 17 15
46 1 9
57 66 1
40 61 16
38 12 6
17 30 12
15 64 7
46 61 14
26 76 14
88 58 12
91 78 9
9 67 5
69 22 13
6 24 4
45 72 0
90 41 12
79 88 12
99 89 16
21 64 16
44 89 14
6 45 18
45 81 12
70 73 0
33 25 8
76 85 5
62 51 1
41 97 16
50 101 3
31 75 1
88 86 1
22 67 16
97 14 8
10 36 16
77 5 15
66 1 5
18 24 4
59 13 14
43 76 13
66 94 10
91 8 5
100 25 8
102 98 20
35 24 16
40 43 15
46 82 9
45 53 5
77 29 16
36 31 3
78 2 12
87 28 18
25 59 16
65 80 12
50 0 14
9 46 7
54 32 0
51 6 6
74 73 1
41 22 9
11 44 13
4 34 2
88 43 16
75 72 3
56 63 10
11 79 2
29 64 2
54 68 11
52 80 21
85 77 6
42 83 4
55 34 21
93 29 9
46 73 9
28 62 0
13 33 2
66 95 15
67 87 15
62 103 3
76 77 16
38 56 3
50 59 2
7 31 6
103 96 14
44 35 14
84 93 0
59 89 9
13 27 9
91 30 20
66 68 10
34 29 16
66 45 18
33 40 15
31 45 14
95 20 0
46 48 3
85 8 7
25 47 10
21 17 16
102 30 5
102 93 13
48 40 18
62 18 6
88 57 8
55 84 7
66 85 16
22 16 16
0 6 7
36 82 6
22 18 16
26 30 9
78 36 10
99 77 8
45 5 3
24 81 12
56 46 3
31 7 16
65 103 3
56 45 0
78 11 2
1 3 13
85 44 5
91 84 9
73 88 6
21 13 9
52 45 18
63 76 1
55 33 6
49 48 0
5 36 16
85 88 12
13 17 2
39 102 8
17 91 14
85 37 19
77 36 6
41 12 15
26 5 9
47 46 3
102 23 6
13 29 1
32 5 9
60 77 6
43 93 14
88 8 11
74 78 16
3 62 0
44 40 13
91 27 17
69 49 14
75 12 16
3 61 11
65 60 0
43 3 14
88 32 14
9 22 14
94 49 8
80 79 9
31 46 10
1 7 18
5 0 0
94 44 16
2 51 0
76 87 16
84 16 16
97 80 16
30 47 16
86 83 2
69 14 4
103 9 7
70 59 12
75 25 13
20 81 18
35 80 16
30 41 13
52 1 15
75 102 0
2 52 4
17 59 12
44 10 14
98 43 16
41 26 16
99 12 17
28 86 1
25 98 0
7 1 18
70 91 16
71 25 9
76 80 7
70 102 12
4 20 14
88 11 6
14 96 0
93 95 18
14 49 9
28 69 6
59 95 5
26 16 9
26 84 6
21 93 1
42 75 16
96 48 9
16 0 0
2 101 4
2 61 11
95 19 13
71 41 5
65 0 3
13 8 7
12 49 1
6 39 4
75 0 5
91 56 9
14 59 6
18 55 8
6 30 17
65 20 13
77 3 14
9 81 16
19 85 9
53 6 4
99 21 11
18 68 10
29 97 20
88 53 11
53 40 14
95 51 14
17 45 14
18 85 16
100 34 12
51 61 0
15 76 16
37 7 5
28 89 16
22 44 5
29 98 19
70 33 5
89 26 11
29 65 5
79 9 6
0 72 13
12 99 11
85 35 14
25 32 13
60 49 15
54 67 5
13 70 6
20 92 20
52 2 4
47 94 6
13 99 9
51 7 9
48 37 19
25 45 0
103 7 14
47 71 7
14 85 1
90 81 15
51 34 16
78 18 16
28 26 14
30 37 13
55 56 12
103 98 14
26 85 14
14 63 10
57 97 9
61 35 14
19 75 16
20 31 10
16 46 7
88 18 2
98 11 16
101 78 6
74 64 12
3 103 16
7 85 19
25 30 14
52 32 12
27 17 16
81 15 14
26 59 12
5 72 14
74 3 13
39 41 5
2 68 4
30 22 14
15 78 16
16 82 11
73 87 11
28 71 10
60 64 16
8 17 16
9 98 18
33 100 5
50 73 18
37 44 19
93 8 5
42 50 11
57 9 10
99 42 10
59 65 14
27 60 11
65 82 16
50 38 16
11 75 1
36 8 7
99 32 14
1 14 16
76 37 19
60 7 17
32 68 7
75 87 0
40 1 9
4 88 5
100 95 9
77 103 9
78 53 7
16 95 5
27 41 1
71 14 9
26 65 14
66 58 16
68 19 8
77 73 5
89 0 5
46 39 16
81 65 15
56 80 7
83 90 16
74 67 17
98 22 0
58 67 16
91 24 5
65 4 9
98 91 1
70 11 5
85 2 12
60 37 17
17 76 8
34 26 0
11 0 1
30 40 0
91 9 18
86 53 11
90 53 12
7 24 11
90 57 14
71 91 1
15 4 18
3 54 2
37 54 21
64 10 12
49 41 11
47 31 2
81 14 11
18 36 6
74 38 7
16 77 15
72 99 9
8 72 9
87 96 20
3 98 1
11 3 16
96 21 5
3 72 0
68 81 6
77 74 17
46 16 9
87 4 3
95 31 7
49 34 4
1 77 12
102 85 16
78 99 0
21 35 14
19 34 2
99 58 9
66 28 13
91 52 2
34 90 6
94 89 9
27 2 10
77 71 4
8 79 9
9 73 1
30 21 3
81 80 12
50 43 16
28 7 1
4 77 2
26 63 16
67 83 10
1 66 5
13 73 14
76 44 5
38 64 5
64 54 9
79 75 3
40 12 6
99 2 10
73 40 19
47 13 5
32 39 16
103 71 16
35 11 10
40 71 16
35 12 16
61 42 11
99 72 0
69 79 2
73 103 9
95 16 1
96 38 16
38 37 16
27 29 19
44 46 3
92 35 13
5 3 13
69 0 1
59 8 6
9 50 4
64 67 9
72 67 16
68 61 14
98 60 1
97 87 19
48 17 3
102 50 8
45 46 16
39 30 3
5 103 7
14 54 6
59 7 18
58 24 7
38 31 5
54 15 1
50 7 17
33 38 10
12 65 0
63 70 2
101 103 9
55 23 7
94 6 10
51 53 7
2 26 14
97 28 14
2 99 5
9 20 9
79 44 1
52 12 3
83 63 6
79 4 12
44 22 1
93 14 9
84 26 8
56 10 14
74 52 11
84 65 1
13 94 6
51 24 12
82 38 7
70 42 16
30 64 12
15 16 5
24 16 3
5 28 13
6 65 16
33 61 14
79 34 16
0 55 14
78 95 14
85 5 16
79 92 1
69 13 13
88 100 6
82 7 14
20 60 14
17 52 7
59 33 9
85 60 0
43 82 12
41 95 3
13 37 9
59 12 18
38 96 14
17 81 18
76 39 7
39 34 4
1 51 14
41 80 10
16 99 13
16 87 11
9 84 6
16 56 6
7 50 11
17 42 22
97 102 0
96 59 2
94 79 16
28 94 8
64 20 5
17 3 14
48 96 0
92 77 6
23 90 10
5 73 15
10 31 9
100 53 6
77 89 9
7 64 6
24 55 11
38 89 15
8 27 17
76 94 16
23 51 5
75 78 2
43 44 13
103 90 3
45 86 17
11 95 9
25 8 7
25 53 7
81 84 15
78 21 7
69 31 10
61 23 12
5 9 15
17 14 3
90 92 11
96 29 9
17 34 9
95 6 15
24 22 9
30 33 12
52 60 14
48 13 1
22 37 9
0 57 0
69 95 9
29 14 5
81 58 11
80 102 8
14 4 12
35 0 5
1 33 9
20 76 20
33 87 0
53 63 9
51 9 16
90 6 6
92 83 6
92 93 0
13 48 5
70 24 16
57 77 10
93 46 16
15 27 18
66 7 19
73 14 16
85 65 1
80 38 16
85 47 10
49 10 13
30 14 16
41 73 20
80 78 9
69 92 8
89 41 14
1 74 5
88 19 1
54 8 3
41 93 1
86 77 2
103 56 4
56 33 2
78 41 0
10 0 9
6 53 4
71 62 12
103 85 8
97 76 20
96 55 3
89 6 7
33 13 18
76 57 16
29 74 16
57 15 1
28 77 8
19 62 0
9 1 5
1 38 7
100 22 13
33 89 1
95 93 18
36 85 1
93 6 4
67 38 7
28 97 16
21 81 12
84 73 14
68 26 12
16 62 16
63 14 5
81 50 12
84 92 11
30 17 12
73 49 14
35 99 14
15 13 14
60 76 9
37 2 5
59 38 12
36 78 5
58 66 14
70 52 7
79 8 7
58 22 1
43 46 10
67 78 6
36 20 8
96 4 16
20 7 16
15 66 1
44 21 7
19 30 13
92 70 3
37 13 0
5 39 3
15 36 16
20 15 0
14 101 6
47 44 5
100 81 3
97 26 11
52 66 5
19 52 8
65 88 9
70 71 16
100 13 13
27 85 1
91 85 9
102 46 7
43 58 2
90 21 7
66 19 13
52 77 5
3 57 13
82 41 8
0 8 16
58 60 0
89 14 2
9 34 10
45 52 8
27 50 11
21 18 4
81 51 15
29 61 0
13 89 3
6 76 14
30 96 20
51 77 16
51 57 16
33 74 12
19 0 16
93 44 9
16 90 16
64 97 11
9 68 15
49 62 0
15 86 20
64 36 4
51 86 9
15 29 16
60 102 14
22 63 5
41 23 7
64 42 16
45 4 17
7 2 10
102 78 16
9 60 18
82 88 6
13 63 5
28 16 14
1 101 10
66 37 13
10 37 14
77 61 13
23 100 4
34 79 6
63 30 14
3 47 12
18 98 8
45 38 16
14 69 4
70 37 16
24 58 9
35 62 3
36 34 16
40 89 17
2 17 6
47 74 14
72 8 7
38 26 1
29 25 5
83 10 1
13 88 9
79 63 10
42 81 9
69 102 0
21 67 3
60 13 9
8 3 17
33 101 7
32 24 6
79 28 9
103 51 3
21 86 17
81 6 16
65 48 5
24 100 16
101 80 3
51 70 18
45 59 6
52 55 8
7 44 19
87 61 20
64 48 8
94 46 7
83 31 7
71 81 12
80 69 16
41 15 18
5 1 15
12 14 7
48 76 1
68 92 14
63 18 6
26 64 5
53 27 17
57 4 8
41 43 16
29 92 5
16 84 6
1 31 9
29 87 14
40 14 6
1 92 16
46 11 5
98 92 9
0 21 16
71 55 17
44 92 1
21 15 3
89 103 5
35 72 13
57 92 14
42 99 5
22 74 14
71 102 8
33 36 4
18 83 5
9 44 16
68 36 6
87 30 11
36 49 9
51 17 18
53 79 9
1 75 9
34 6 11
26 44 14
51 60 0
30 95 5
22 100 6
58 93 0
87 20 9
69 50 6
35 26 11
46 27 14
56 89 13
63 93 0
83 37 13
76 10 14
28 88 5
78 71 7
7 68 8
100 94 7
10 79 6
42 34 4
27 51 0
14 80 7
98 4 10
86 39 10
47 62 5
13 46 18
49 90 7
66 4 2
43 103 10
71 95 8
51 19 9
78 6 16
46 51 14
74 33 12
69 87 0
3 94 8
13 60 0
49 31 6
67 1 11
80 100 16
43 47 3
6 85 16
64 58 21
93 77 6
13 83 16
22 34 16
84 2 16
26 57 9
47 18 6
12 64 6
4 17 6
77 85 16
7 98 5
73 69 12
20 45 14
59 24 6
17 82 9
70 35 5
20 96 14
8 11 16
4 26 14
15 73 1
87 2 3
36 30 14
17 32 11
75 9 7
77 81 6
92 95 14
88 41 1
52 44 14
30 91 20
39 87 18
86 2 5
48 69 2
58 6 6
32 75 11
26 56 16
66 53 8
38 71 6
39 93 1
44 25 5
22 69 6
86 4 5
56 15 14
61 43 16
3 82 2
16 52 15
49 51 0
39 12 15
90 14 11
41 69 16
77 95 15
71 67 3
71 82 4
42 73 13
97 48 20
69 23 4
40 67 19
55 48 19
81 99 0
92 33 2
72 21 7
51 96 0
31 74 0
24 5 4
75 37 14
17 49 14
96 37 11
36 77 16
24 44 9
63 56 5
92 67 14
81 16 14
50 41 5
64 102 0
15 56 16
57 42 8
50 11 16
22 68 6
78 38 3
46 71 6
50 42 17
61 71 10
85 95 16
27 91 11
39 61 1
76 63 5
6 81 6
68 58 6
98 76 9
56 14 5
6 23 22
16 96 13
90 91 12
37 83 21
44 73 14
20 43 10
31 100 5
51 0 3
99 52 18
64 3 16
27 74 13
28 40 14
87 68 10
46 6 7
66 56 16
26 58 16
51 20 14
45 49 17
67 70 7
9 6 10
52 63 6
41 36 9
71 53 5
97 73 0
11 84 21
82 95 15
78 7 12
34 23 6
59 26 12
27 33 6
49 91 11
18 11 9
1 21 18
2 55 1
45 78 9
24 29 9
61 95 18
21 12 15
74 14 16
50 21 10
5 93 18
7 4 5
35 31 10
29 76 5
30 12 2
72 9 6
8 85 9
72 55 19
23 6 6
61 41 5
1 98 18
39 35 14
29 18 6
50 63 9
74 22 14
89 18 7
30 3 13
66 62 16
87 23 16
4 25 12
64 103 5
87 70 9
21 60 1
51 29 17
32 84 18
4 36 12
38 4 16
100 78 4
64 82 7
103 57 0
20 3 16
17 6 9
103 43 10
90 22 5
12 6 3
98 80 10
102 76 16
101 18 10
89 92 13
81 54 6
55 43 16
99 31 6
34 65 16
2 49 11
21 27 17
14 86 12
1 76 16
100 18 7
38 78 3
4 73 13
91 17 16
77 55 14
93 83 18
103 42 6
51 80 12
85 18 6
50 26 16
87 84 16
37 29 19
36 65 11
29 54 16
38 36 3
21 65 9
43 29 8
64 84 21
34 76 14
36 68 16
67 24 3
66 63 16
52 49 8
60 42 11
61 31 16
98 28 1
25 96 0
82 75 9
39 31 16
56 38 3
19 55 1
38 48 3
13 49 9
88 93 11
29 57 16
89 2 6
1 35 9
69 66 0
71 31 16
96 64 16
61 103 6
31 84 4
78 97 8
46 23 5
8 5 3
53 97 14
21 100 16
36 54 6
9 92 16
49 26 16
30 70 12
67 102 11
14 27 1
73 70 9
89 10 0
39 6 4
9 70 7
34 75 9
66 48 16
72 103 6
70 27 16
17 57 9
3 46 6
38 95 9
89 72 18
34 97 9
0 47 8
8 4 17
12 68 3
57 93 18
31 92 8
22 94 16
20 49 16
103 47 4
71 43 16
27 37 1
42 72 0
7 48 19
20 36 2
98 35 16
45 91 5
41 1 18
20 87 0
31 85 8
47 79 11
43 42 6
39 2 5
102 67 17
0 10 0
90 82 16
41 16 14
1 9 10
31 87 0
32 51 24
89 77 7
42 40 14
63 13 1
35 44 20
46 31 5
67 60 3
26 0 17
84 28 9
62 80 12
80 45 1
75 29 13
93 35 14
89 48 13
26 61 14
21 63 9
67 7 13
62 101 16
37 18 4
46 25 3
56 52 6
42 11 6
68 50 4
9 7 8
39 8 10
89 83 7
102 14 16
91 97 14
28 11 6
79 37 9
24 91 1
15 103 9
101 46 7
26 3 16
82 50 4
62 34 6
81 5 6
9 83 10
54 86 8
54 101 5
91 69 16
21 45 1
0 65 3
46 21 6
33 96 14
51 25 17
47 99 0
10 27 14
72 0 13
7 13 0
62 72 1
15 21 3
93 86 11
63 36 10
30 48 16
84 80 12
11 25 8
1 20 9
93 39 5
97 64 11
34 42 2
79 22 1
103 5 9
4 23 7
19 102 13
53 86 17
73 78 16
53 46 16
94 36 6
63 64 2
37 47 12
60 65 9
68 13 16
70 90 21
92 1 14
85 15 14
36 72 11
20 11 10
23 8 12
23 61 12
50 28 17
20 70 10
90 23 5
7 80 11
35 20 1
29 49 9
39 19 11
79 30 16
13 28 9
54 66 1
38 103 15
102 1 5
64 53 6
55 83 21
81 17 3
12 58 7
75 40 11
59 100 9
35 33 10
100 102 0
91 93 5
6 75 9
90 94 16
85 20 13
2 95 13
71 46 16
64 63 21
2 73 13
37 77 4
40 13 13
97 13 3
58 14 5
56 62 1
41 77 6
62 85 5
81 0 13
61 5 18
76 33 2
61 62 9
29 47 5
94 96 8
103 36 4
89 39 6
98 74 20
94 25 16
46 12 6
38 34 9
40 63 18
9 97 9
6 44 16
83 14 6
69 98 14
71 93 5
4 45 11
102 94 5
40 36 18
103 8 16
98 86 1
66 14 16
42 59 4
5 44 14
95 22 14
13 81 17
81 38 3
86 89 16
64 39 6
71 16 3
15 33 7
18 71 4
94 29 16
33 7 16
17 37 14
52 76 14
98 55 5
37 55 1
1 42 18
37 67 13
45 63 9
81 91 12
99 49 17
93 52 2
67 65 14
23 92 11
84 45 0
48 46 3
56 30 14
64 83 9
27 47 6
6 3 3
66 60 13
66 55 13
13 52 6
18 57 5
18 16 15
71 52 2
14 94 6
23 33 4
14 42 12
30 101 10
62 76 17
55 64 6
74 72 14
84 71 12
92 65 11
41 4 5
16 19 20
36 50 7
13 56 5
82 12 3
11 53 6
102 92 16
31 36 3
5 79 6
26 89 17
26 47 6
24 35 14
41 98 5
76 90 11
96 34 3
48 92 1
1 89 9
79 48 1
92 41 0
2 32 14
27 20 14
51 81 15
3 69 6
100 26 1
17 27 16
51 87 14
36 1 14
38 25 3
22 59 6
7 28 5
3 34 8
11 68 12
48 97 20
78 19 12
82 84 6
93 102 21
49 9 8
12 66 3
40 59 12
53 34 3
100 29 13
15 95 5
8 23 12
64 89 1
11 58 21
66 86 13
12 35 14
73 93 3
5 6 15
74 20 19
15 91 18
54 64 7
36 16 16
26 66 9
92 69 2
64 50 6
81 37 0
59 53 6
44 1 14
22 58 5
80 15 3
35 59 12
49 73 13
71 66 8
50 62 9
85 68 16
41 53 10
55 95 13
31 18 7
56 42 12
74 102 1
9 103 9
94 1 5
14 57 14
78 72 11
61 101 18
63 94 6
6 29 16
50 100 16
95 63 6
52 11 12
91 66 20
8 64 16
28 43 16
47 12 12
69 73 12
92 32 13
64 18 7
100 4 16
22 96 0
86 7 5
83 32 0
89 24 6
66 76 16
96 14 16
50 95 3
45 9 18
38 10 9
84 51 1
91 89 16
14 55 12
10 47 16
93 78 9
4 24 11
77 27 14
7 86 1
1 58 16
61 37 17
85 74 14
98 23 12
28 31 6
40 56 18
87 63 16
69 24 6
12 101 2
60 81 12
63 24 7
52 42 4
4 94 2
56 99 0
24 27 11
83 87 11
57 96 18
50 71 10
11 43 10
85 98 0
98 93 1
40 53 16
47 41 0
29 33 2
53 19 11
54 97 9
2 41 1
81 2 15
35 16 0
34 36 6
54 90 16
75 86 14
45 17 12
90 7 9
1 68 15
47 35 8
82 5 15
4 9 4
29 88 12
71 19 17
32 86 16
63 40 3
35 37 14
25 66 14
3 90 7
66 54 5
53 43 16
50 60 1
48 27 20
90 24 12
5 20 0
67 54 10
0 92 20
55 77 21
78 49 9
18 79 16
32 53 6
38 9 24
29 99 19
11 29 13
60 58 9
86 64 6
76 103 18
78 10 14
37 99 1
14 5 16
76 95 14
38 6 7
51 73 16
94 64 9
2 38 6
26 27 16
64 47 21
90 56 11
28 68 18
58 55 12
44 103 6
83 25 16
56 4 12
53 73 3
60 24 10
76 88 12
17 72 3
81 77 6
100 62 13
2 97 16
101 27 8
97 57 0
87 24 8
0 14 8
51 68 16
92 45 0
86 54 8
37 31 6
83 13 14
53 78 9
32 85 20
23 14 17
48 100 2
60 47 9
31 25 8
36 5 6
25 73 14
98 36 9
53 50 5
2 23 7
96 26 16
97 55 14
36 52 16
87 3 18
80 48 9
92 102 14
34 66 1
27 58 12
64 52 12
79 45 12
1 67 5
4 46 16
49 84 7
20 64 10
41 61 1
73 34 10
68 55 8
41 70 6
9 29 16
16 67 5
87 75 9
30 62 14
27 70 6
89 74 0
98 97 16
58 34 6
53 101 23
33 28 14
100 0 1
49 23 7
80 92 9
41 65 9
76 62 11
94 61 13
89 36 2
46 60 14
36 14 5
68 52 5
78 28 0
43 90 3
6 60 18
33 55 16
96 30 20
32 49 16
7 26 14
11 82 7
95 14 6
5 48 14
75 67 19
76 6 16
29 10 14
14 46 3
87 88 3
31 78 3
33 21 6
51 38 18
75 18 7
65 85 5
54 82 10
63 19 12
60 21 5
64 8 6
50 40 16
63 59 16
72 39 7
44 88 12
12 96 11
15 55 13
89 88 6
48 61 0
14 40 18
88 20 14
11 31 10
25 56 10
30 11 12
51 75 18
96 10 13
96 94 8
25 48 1
72 84 10
61 10 13
15 43 7
33 57 9
7 66 13
77 46 7
51 21 7
55 101 21
86 52 18
83 19 13
9 12 3
74 5 5
0 52 7
86 23 7
87 39 8
8 93 1
39 18 4
91 87 20
96 25 15
5 16 1
18 26 0
63 87 14
9 42 4
54 99 14
49 82 8
7 52 8
16 81 16
45 7 17
37 59 18
26 11 5
94 101 5
53 89 16
94 22 14
67 86 20
7 62 0
29 84 5
81 40 18
13 7 9
2 9 4
4 60 11
99 65 0
91 94 6
47 24 7
96 75 16
19 53 11
65 64 2
12 79 7
72 65 1
12 42 11
2 87 3
38 39 6
79 15 16
6 95 15
75 88 6
64 31 10
58 100 2
48 28 0
8 91 1
82 72 14
82 81 6
30 34 11
70 3 16
12 30 13
96 92 9
71 59 2
94 100 9
80 81 12
4 7 1
63 51 11
70 61 16
12 73 3
56 6 6
38 87 0
61 40 14
78 102 14
48 18 6
100 28 14
40 44 13
18 44 16
56 64 2
82 14 16
93 101 18
11 94 7
59 62 14
36 35 8
16 57 1
7 34 8
58 21 7
71 80 5
99 98 5
59 46 7
26 67 9
6 37 3
33 91 14
21 80 10
62 70 6
44 18 6
0 101 7
29 28 19
100 54 9
33 8 6
31 59 12
97 61 16
30 99 13
42 100 6
3 96 11
88 30 14
14 82 6
90 0 3
17 48 3
10 50 8
86 22 19
74 44 16
70 98 14
98 81 9
88 64 6
86 30 13
15 19 20
80 11 16
38 86 16
73 13 16
46 28 16
63 47 5
9 100 9
9 28 18
25 71 7
68 38 12
11 98 14
43 5 9
92 4 12
13 100 2
61 92 9
95 88 6
99 22 0
97 43 10
34 41 8
14 60 0
7 90 7
11 70 10
103 54 7
91 25 9
28 58 9
97 44 20
12 98 11
41 81 9
76 53 7
80 0 14
10 2 6
21 23 12
38 35 15
62 28 9
84 59 16
25 102 14
20 30 19
68 70 9
30 75 9
51 101 16
4 79 12
36 2 12
55 14 12
11 24 6
0 67 9
42 13 0
88 69 6
46 52 12
64 45 14
33 56 21
92 49 9
28 37 5
59 16 5
26 7 16
75 17 15
93 50 5
100 56 2
31 98 14
43 59 7
72 92 5
54 76 16
54 23 16
36 87 16
102 86 14
62 29 5
46 44 3
60 6 18
25 86 19
46 85 3
93 59 2
54 63 16
80 50 5
26 55 16
90 18 16
99 54 6
22 98 9
84 11 3
0 75 1
82 79 6
87 97 19
99 25 19
71 1 8
60 33 16
75 71 6
3 23 7
11 35 1
40 22 13
100 55 14
90 63 11
19 103 16
10 12 3
5 29 14
8 56 9
53 84 12
31 71 6
73 37 14
39 57 3
99 30 13
34 38 7
67 29 14
61 33 16
63 17 3
52 71 21
21 34 23
51 59 16
5 23 6
23 50 12
87 83 11
87 86 3
67 27 20
84 36 5
52 87 5
14 97 8
75 42 6
82 60 18
92 84 11
71 60 5
31 82 7
73 39 8
64 98 16
12 36 7
47 1 14
67 4 18
50 51 12
67 103 7
42 26 14
7 78 12
69 84 2
87 47 16
45 67 18
48 6 6
23 56 17
15 39 3
41 47 9
98 39 10
83 43 7
93 55 11
93 58 9
38 8 6
85 78 10
58 19 12
12 21 15
100 27 16
93 79 9
23 12 7
43 65 13
59 9 5
29 60 0
29 69 2
76 50 7
67 31 12
54 83 5
60 40 14
92 48 5
68 40 12
77 18 10
53 65 12
37 15 13
75 20 1
32 67 9
14 74 14
20 6 7
89 81 6
21 22 9
70 76 18
57 44 14
14 2 12
35 83 7
100 76 8
102 54 9
62 81 15
81 43 3
56 98 0
48 11 2
96 97 14
8 44 9
41 5 3
12 11 6
56 86 12
31 101 9
95 50 3
44 37 19
27 75 16
14 38 3
53 80 10
102 84 16
100 65 13
57 2 8
32 18 12
84 75 3
56 55 12
0 9 7
68 90 16
76 48 5
54 5 5
40 16 19
70 89 11
10 85 16
71 47 9
4 64 6
103 94 7
12 7 11
40 11 15
78 32 13
71 29 9
80 97 14
0 86 14
93 71 10
87 56 16
62 35 3
26 87 0
25 33 8
63 91 0
84 99 9
103 92 8
31 61 14
29 103 18
100 85 13
3 74 13
6 63 22
86 92 19
12 5 2
5 33 7
24 59 2
13 44 5
8 101 3
90 55 9
5 70 12
21 5 3
51 22 5
15 41 18
24 47 9
22 26 13
80 2 17
1 96 18
42 43 6
17 38 5
21 43 16
71 28 5
95 40 19
78 9 6
81 101 6
12 70 6
60 32 16
61 83 18
11 36 4
56 74 14
65 44 5
60 85 9
42 23 7
21 56 9
95 76 16
25 92 1
78 13 11
2 44 12
56 49 9
56 66 14
102 66 5
61 78 9
4 6 3
32 103 11
17 56 3
7 18 8
49 44 0
20 50 6
60 28 5
62 98 19
3 63 12
89 58 2
99 35 16
13 3 9
38 40 1
31 6 7
94 73 5
79 80 7
88 62 0
17 101 9
17 84 2
33 29 13
75 26 11
29 90 11
38 90 4
69 29 13
52 30 17
102 5 15
71 77 4
29 12 9
39 55 5
51 33 6
85 16 16
35 48 20
12 102 18
74 31 7
82 43 12
11 54 9
17 93 14
36 44 1
64 28 16
66 17 7
86 71 11
12 57 3
37 71 11
102 29 16
24 84 12
71 103 6
82 100 9
10 54 5
17 7 16
64 100 5
14 23 11
44 17 3
20 27 16
54 30 1
43 79 2
99 18 8
42 9 4
94 76 14
82 3 14
4 15 8
97 32 11
85 43 8
77 25 16
43 67 9
37 70 6
27 48 19
88 26 14
93 84 9
16 85 14
19 101 18
30 63 16
54 52 11
73 98 20
4 84 7
15 79 6
2 69 6
45 94 6
60 93 1
7 71 11
18 10 5
35 4 6
44 82 6
32 79 8
55 97 16
55 47 12
102 34 5
56 19 12
51 64 17
49 69 6
71 6 4
48 54 6
11 49 14
41 94 6
59 2 18
62 88 9
75 47 2
27 98 5
98 78 9
9 27 8
97 39 16
69 19 16
9 43 12
67 66 11
61 0 14
20 5 9
66 98 13
51 67 14
59 71 6
89 9 7
28 49 17
86 56 12
88 44 12
42 8 11
27 0 16
47 75 13
13 93 0
82 98 8
68 37 8
0 43 10
59 69 9
58 79 10
86 35 16
54 51 14
48 88 12
66 30 5
54 80 3
59 0 12
85 30 14
22 15 16
88 56 12
53 69 16
70 100 5
85 70 8
97 17 15
21 69 16
46 38 5
83 29 14
93 62 9
102 3 14
70 10 0
90 102 16
69 8 6
15 61 18
40 6 9
74 96 20
5 2 2
86 93 11
92 27 19
89 16 19
23 11 4
64 17 15
48 70 8
39 0 14
10 91 3
5 63 6
77 63 16
17 100 15
69 25 8
57 28 13
43 11 10
8 96 1
73 17 7
79 103 4
47 92 5
75 73 0
18 102 5
35 60 16
27 32 14
55 91 11
10 21 8
22 66 16
99 95 13
28 23 7
83 0 9
8 63 9
79 21 7
101 51 14
96 0 16
99 84 7
29 100 2
37 94 4
92 9 6
102 36 16
11 92 13
59 96 14
87 66 5
53 58 9
6 83 15
59 88 18
50 34 4
81 29 11
48 90 11
90 8 12
88 36 12
46 41 16
77 64 9
24 98 5
6 79 22
72 83 16
51 92 17
88 5 6
1 61 18
1 8 18
50 97 14
68 91 14
81 35 13
69 28 14
2 21 11
30 6 11
69 7 16
95 98 18
12 86 11
65 31 8
92 10 14
94 14 16
79 77 6
2 35 16
59 84 6
3 40 14
35 103 10
17 19 16
50 53 10
71 57 3
84 61 0
35 15 0
19 10 13
40 28 16
37 58 12
15 97 9
58 64 2
21 47 9
52 16 15
26 92 14
69 3 16
73 72 16
55 51 0
21 59 2
23 29 5
27 66 13
30 81 6
74 43 9
55 50 11
9 32 12
66 52 10
43 20 1
17 69 15
23 24 12
58 26 13
76 67 16
70 28 16
31 97 11
14 26 13
80 37 17
92 24 7
1 83 5
28 13 0
68 88 4
88 65 0
61 51 9
44 7 1
21 68 2
50 69 16
65 91 0
20 61 14
70 94 7
10 45 18
39 90 12
61 59 2
93 61 5
49 29 0
52 22 16
43 95 9
4 44 12
97 78 8
78 40 18
42 33 6
14 58 10
9 38 7
4 65 0
46 18 9
26 23 8
18 4 2
70 96 16
66 78 16
79 64 2
33 67 9
87 42 3
76 61 0
8 26 16
70 79 21
93 45 1
58 23 11
88 71 11
84 32 8
43 49 14
84 49 9
92 89 13
60 101 18
2 77 2
26 45 14
102 26 0
56 40 18
37 88 5
56 16 16
94 54 5
9 3 18
62 20 13
1 49 13
99 88 5
21 6 4
67 21 3
66 57 5
38 101 9
65 77 6
78 65 11
74 8 3
50 27 17
101 53 4
1 91 18
3 79 7
16 93 3
87 69 9
73 81 6
28 27 5
17 85 3
9 33 9
65 15 16
11 93 14
18 29 16
64 24 6
24 40 12
78 91 0
45 70 16
40 91 16
86 14 12
76 22 1
74 16 17
37 17 16
9 0 9
31 68 12
87 93 20
81 102 16
79 53 7
35 40 11
0 42 6
1 82 10
61 22 9
32 60 14
71 37 17
4 95 13
56 90 11
94 27 14
79 49 9
56 61 0
46 4 6
97 21 16
48 79 10
9 93 18
10 28 14
75 101 7
82 89 9
34 80 3
12 100 6
46 5 9
96 74 20
33 22 13
92 23 11
61 50 5
89 43 10
5 69 7
30 27 20
76 29 1
42 88 5
51 99 9
5 87 15
100 40 15
44 80 7
72 40 18
78 42 12
37 21 11
62 87 14
54 37 13
85 64 2
53 56 9
50 22 9
59 60 14
65 49 9
9 86 18
48 71 7
8 98 17
47 34 6
3 50 11
20 77 7
80 73 3
27 57 20
26 94 9
17 50 6
48 84 10
71 89 16
83 36 6
56 78 10
59 72 16
43 45 14
62 44 5
26 40 1
102 53 8
67 57 1
22 19 19
2 16 8
81 68 16
17 64 15
31 52 12
72 66 16
0 81 6
50 103 6
44 33 2
58 9 6
61 76 9
37 81 9
46 101 9
12 56 7
21 61 1
52 33 12
81 3 0
45 32 16
76 19 19
100 71 6
77 26 0
17 61 14
87 40 0
103 14 4
75 31 10
84 98 12
98 54 2
29 31 2
64 75 1
49 27 11
47 60 0
68 5 17
62 23 10
25 14 5
56 41 0
97 92 20
5 43 7
73 42 6
42 6 3
59 5 5
34 91 3
28 61 1
12 77 3
8 47 9
48 32 20
51 84 5
7 77 2
69 44 13
36 96 0
10 17 7
57 89 9
37 26 14
95 80 18
18 63 16
71 22 9
98 15 13
42 55 1
82 20 9
27 81 9
87 82 5
3 29 19
19 51 0
47 17 3
12 20 14
98 85 9
70 97 5
17 51 18
103 61 16
35 53 16
92 21 7
73 86 14
67 97 0
32 48 20
48 98 0
30 35 19
8 89 16
76 79 10
32 35 11
13 39 7
16 72 14
77 90 6
30 7 20
14 102 14
103 12 16
92 60 0
25 93 0
71 36 9
3 100 6
20 69 10
67 62 14
87 41 20
76 26 13
74 98 13
92 98 0
13 97 3
45 68 8
103 18 7
68 64 12
74 40 0
57 45 18
98 14 9
91 20 16
79 36 10
41 92 9
96 2 11
30 88 8
35 77 7
5 84 6
101 7 8
77 37 14
33 99 14
49 24 15
50 84 9
80 36 9
10 60 3
86 29 19
91 54 18
103 26 11
15 35 9
95 75 0
37 80 11
22 88 12
67 98 3
98 58 9
35 97 5
13 102 14
39 97 14
103 39 16
64 86 16
61 12 15
33 45 14
101 74 1
39 32 14
96 18 8
79 74 16
23 71 12
30 58 16
50 61 1
24 80 10
33 73 12
51 103 3
48 7 19
94 28 8
8 25 9
82 26 0
95 44 14
62 40 13
42 30 8
17 47 3
30 102 1
59 41 8
90 65 5
70 49 14
53 96 1
101 41 3
76 16 16
10 90 6
14 78 10
59 98 18
40 4 16
89 69 10
103 30 12
40 34 12
9 61 18
86 41 1
55 86 1
29 59 6
48 1 14
96 13 9
88 28 1
43 50 6
88 22 12
87 11 9
78 39 7
97 58 8
66 101 5
81 23 15
2 6 3
49 14 7
97 35 1
35 69 10
7 99 5
5 21 3
72 60 0
82 80 4
78 12 9
18 45 18
78 30 14
53 98 5
91 63 9
75 49 16
86 79 12
63 35 8
44 42 12
41 102 14
91 2 11
93 82 18
81 59 6
31 81 3
19 92 19
78 8 7
55 70 6
1 19 18
101 16 1
46 3 16
71 63 9
68 9 15
75 5 9
102 21 8
45 24 5
21 46 16
24 78 3
17 65 13
101 32 0
33 62 18
82 102 5
8 73 8
61 28 5
74 45 13
86 11 6
33 65 18
99 62 0
9 82 10
53 10 3
11 60 14
59 68 10
65 9 6
92 44 5
68 74 17
99 11 6
1 78 16
10 4 6
8 46 16
19 97 16
86 49 17
87 22 16
5 14 6
22 87 14
35 21 16
72 30 14
